           x          rho            u            p
-4.99500e-01  8.00000e+00  0.00000e+00  4.80000e+02
-4.98500e-01  8.00000e+00  0.00000e+00  4.80000e+02
-4.97500e-01  8.00000e+00  0.00000e+00  4.80000e+02
-4.96500e-01  8.00000e+00  0.00000e+00  4.80000e+02
-4.95500e-01  8.00000e+00  0.00000e+00  4.80000e+02
-4.94500e-01  8.00000e+00  0.00000e+00  4.80000e+02
-4.93500e-01  8.00000e+00  0.00000e+00  4.80000e+02
-4.92500e-01  8.00000e+00  0.00000e+00  4.80000e+02
-4.91500e-01  8.00000e+00  0.00000e+00  4.80000e+02
-4.90500e-01  8.00000e+00  0.00000e+00  4.80000e+02
-4.89500e-01  8.00000e+00  0.00000e+00  4.80000e+02
-4.88500e-01  8.00000e+00  0.00000e+00  4.80000e+02
-4.87500e-01  8.00000e+00  0.00000e+00  4.80000e+02
-4.86500e-01  8.00000e+00  0.00000e+00  4.80000e+02
-4.85500e-01  8.00000e+00  0.00000e+00  4.80000e+02
-4.84500e-01  8.00000e+00  0.00000e+00  4.80000e+02
-4.83500e-01  8.00000e+00  0.00000e+00  4.80000e+02
-4.82500e-01  8.00000e+00  0.00000e+00  4.80000e+02
-4.81500e-01  8.00000e+00  0.00000e+00  4.80000e+02
-4.80500e-01  8.00000e+00  0.00000e+00  4.80000e+02
-4.79500e-01  8.00000e+00  0.00000e+00  4.80000e+02
-4.78500e-01  8.00000e+00  0.00000e+00  4.80000e+02
-4.77500e-01  8.00000e+00  0.00000e+00  4.80000e+02
-4.76500e-01  8.00000e+00  0.00000e+00  4.80000e+02
-4.75500e-01  8.00000e+00  0.00000e+00  4.80000e+02
-4.74500e-01  8.00000e+00  0.00000e+00  4.80000e+02
-4.73500e-01  8.00000e+00  0.00000e+00  4.80000e+02
-4.72500e-01  8.00000e+00  0.00000e+00  4.80000e+02
-4.71500e-01  8.00000e+00  0.00000e+00  4.80000e+02
-4.70500e-01  8.00000e+00  0.00000e+00  4.80000e+02
-4.69500e-01  8.00000e+00  0.00000e+00  4.80000e+02
-4.68500e-01  8.00000e+00  0.00000e+00  4.80000e+02
-4.67500e-01  8.00000e+00  0.00000e+00  4.80000e+02
-4.66500e-01  8.00000e+00  0.00000e+00  4.80000e+02
-4.65500e-01  8.00000e+00  0.00000e+00  4.80000e+02
-4.64500e-01  8.00000e+00  0.00000e+00  4.80000e+02
-4.63500e-01  8.00000e+00  0.00000e+00  4.80000e+02
-4.62500e-01  8.00000e+00  0.00000e+00  4.80000e+02
-4.61500e-01  8.00000e+00  0.00000e+00  4.80000e+02
-4.60500e-01  8.00000e+00  0.00000e+00  4.80000e+02
-4.59500e-01  8.00000e+00  0.00000e+00  4.80000e+02
-4.58500e-01  8.00000e+00  0.00000e+00  4.80000e+02
-4.57500e-01  8.00000e+00  0.00000e+00  4.80000e+02
-4.56500e-01  8.00000e+00  0.00000e+00  4.80000e+02
-4.55500e-01  8.00000e+00  0.00000e+00  4.80000e+02
-4.54500e-01  8.00000e+00  0.00000e+00  4.80000e+02
-4.53500e-01  8.00000e+00  0.00000e+00  4.80000e+02
-4.52500e-01  8.00000e+00  0.00000e+00  4.80000e+02
-4.51500e-01  8.00000e+00  0.00000e+00  4.80000e+02
-4.50500e-01  8.00000e+00  0.00000e+00  4.80000e+02
-4.49500e-01  8.00000e+00  0.00000e+00  4.80000e+02
-4.48500e-01  8.00000e+00  0.00000e+00  4.80000e+02
-4.47500e-01  8.00000e+00  0.00000e+00  4.80000e+02
-4.46500e-01  8.00000e+00  0.00000e+00  4.80000e+02
-4.45500e-01  8.00000e+00  0.00000e+00  4.80000e+02
-4.44500e-01  8.00000e+00  0.00000e+00  4.80000e+02
-4.43500e-01  8.00000e+00  0.00000e+00  4.80000e+02
-4.42500e-01  8.00000e+00  0.00000e+00  4.80000e+02
-4.41500e-01  8.00000e+00  0.00000e+00  4.80000e+02
-4.40500e-01  8.00000e+00  0.00000e+00  4.80000e+02
-4.39500e-01  8.00000e+00  0.00000e+00  4.80000e+02
-4.38500e-01  8.00000e+00  0.00000e+00  4.80000e+02
-4.37500e-01  8.00000e+00  0.00000e+00  4.80000e+02
-4.36500e-01  8.00000e+00  0.00000e+00  4.80000e+02
-4.35500e-01  8.00000e+00  0.00000e+00  4.80000e+02
-4.34500e-01  8.00000e+00  0.00000e+00  4.80000e+02
-4.33500e-01  8.00000e+00  0.00000e+00  4.80000e+02
-4.32500e-01  8.00000e+00  0.00000e+00  4.80000e+02
-4.31500e-01  8.00000e+00  0.00000e+00  4.80000e+02
-4.30500e-01  8.00000e+00  0.00000e+00  4.80000e+02
-4.29500e-01  8.00000e+00  0.00000e+00  4.80000e+02
-4.28500e-01  8.00000e+00  0.00000e+00  4.80000e+02
-4.27500e-01  8.00000e+00  0.00000e+00  4.80000e+02
-4.26500e-01  8.00000e+00  0.00000e+00  4.80000e+02
-4.25500e-01  8.00000e+00  0.00000e+00  4.80000e+02
-4.24500e-01  8.00000e+00  0.00000e+00  4.80000e+02
-4.23500e-01  8.00000e+00  0.00000e+00  4.80000e+02
-4.22500e-01  8.00000e+00  0.00000e+00  4.80000e+02
-4.21500e-01  8.00000e+00  0.00000e+00  4.80000e+02
-4.20500e-01  8.00000e+00  0.00000e+00  4.80000e+02
-4.19500e-01  8.00000e+00  0.00000e+00  4.80000e+02
-4.18500e-01  8.00000e+00  0.00000e+00  4.80000e+02
-4.17500e-01  8.00000e+00  0.00000e+00  4.80000e+02
-4.16500e-01  8.00000e+00  0.00000e+00  4.80000e+02
-4.15500e-01  8.00000e+00  0.00000e+00  4.80000e+02
-4.14500e-01  8.00000e+00  0.00000e+00  4.80000e+02
-4.13500e-01  8.00000e+00  0.00000e+00  4.80000e+02
-4.12500e-01  8.00000e+00  0.00000e+00  4.80000e+02
-4.11500e-01  8.00000e+00  0.00000e+00  4.80000e+02
-4.10500e-01  8.00000e+00  0.00000e+00  4.80000e+02
-4.09500e-01  8.00000e+00  0.00000e+00  4.80000e+02
-4.08500e-01  8.00000e+00  0.00000e+00  4.80000e+02
-4.07500e-01  8.00000e+00  0.00000e+00  4.80000e+02
-4.06500e-01  8.00000e+00  0.00000e+00  4.80000e+02
-4.05500e-01  8.00000e+00  0.00000e+00  4.80000e+02
-4.04500e-01  8.00000e+00  0.00000e+00  4.80000e+02
-4.03500e-01  8.00000e+00  0.00000e+00  4.80000e+02
-4.02500e-01  8.00000e+00  0.00000e+00  4.80000e+02
-4.01500e-01  8.00000e+00  0.00000e+00  4.80000e+02
-4.00500e-01  8.00000e+00  0.00000e+00  4.80000e+02
-3.99500e-01  7.99250e+00  9.37500e-03  4.79250e+02
-3.98500e-01  7.97752e+00  2.81250e-02  4.77754e+02
-3.97500e-01  7.96256e+00  4.68750e-02  4.76262e+02
-3.96500e-01  7.94761e+00  6.56250e-02  4.74773e+02
-3.95500e-01  7.93269e+00  8.43750e-02  4.73288e+02
-3.94500e-01  7.91778e+00  1.03125e-01  4.71807e+02
-3.93500e-01  7.90290e+00  1.21875e-01  4.70329e+02
-3.92500e-01  7.88803e+00  1.40625e-01  4.68855e+02
-3.91500e-01  7.87318e+00  1.59375e-01  4.67385e+02
-3.90500e-01  7.85834e+00  1.78125e-01  4.65918e+02
-3.89500e-01  7.84353e+00  1.96875e-01  4.64455e+02
-3.88500e-01  7.82874e+00  2.15625e-01  4.62996e+02
-3.87500e-01  7.81396e+00  2.34375e-01  4.61541e+02
-3.86500e-01  7.79920e+00  2.53125e-01  4.60089e+02
-3.85500e-01  7.78447e+00  2.71875e-01  4.58641e+02
-3.84500e-01  7.76975e+00  2.90625e-01  4.57196e+02
-3.83500e-01  7.75504e+00  3.09375e-01  4.55755e+02
-3.82500e-01  7.74036e+00  3.28125e-01  4.54318e+02
-3.81500e-01  7.72570e+00  3.46875e-01  4.52884e+02
-3.80500e-01  7.71105e+00  3.65625e-01  4.51454e+02
-3.79500e-01  7.69642e+00  3.84375e-01  4.50028e+02
-3.78500e-01  7.68181e+00  4.03125e-01  4.48605e+02
-3.77500e-01  7.66722e+00  4.21875e-01  4.47186e+02
-3.76500e-01  7.65265e+00  4.40625e-01  4.45770e+02
-3.75500e-01  7.63810e+00  4.59375e-01  4.44358e+02
-3.74500e-01  7.62356e+00  4.78125e-01  4.42950e+02
-3.73500e-01  7.60905e+00  4.96875e-01  4.41545e+02
-3.72500e-01  7.59455e+00  5.15625e-01  4.40144e+02
-3.71500e-01  7.58007e+00  5.34375e-01  4.38746e+02
-3.70500e-01  7.56561e+00  5.53125e-01  4.37352e+02
-3.69500e-01  7.55117e+00  5.71875e-01  4.35961e+02
-3.68500e-01  7.53674e+00  5.90625e-01  4.34574e+02
-3.67500e-01  7.52234e+00  6.09375e-01  4.33191e+02
-3.66500e-01  7.50795e+00  6.28125e-01  4.31811e+02
-3.65500e-01  7.49358e+00  6.46875e-01  4.30434e+02
-3.64500e-01  7.47923e+00  6.65625e-01  4.29061e+02
-3.63500e-01  7.46489e+00  6.84375e-01  4.27692e+02
-3.62500e-01  7.45058e+00  7.03125e-01  4.26326e+02
-3.61500e-01  7.43628e+00  7.21875e-01  4.24963e+02
-3.60500e-01  7.42201e+00  7.40625e-01  4.23604e+02
-3.59500e-01  7.40775e+00  7.59375e-01  4.22249e+02
-3.58500e-01  7.39351e+00  7.78125e-01  4.20897e+02
-3.57500e-01  7.37928e+00  7.96875e-01  4.19548e+02
-3.56500e-01  7.36508e+00  8.15625e-01  4.18203e+02
-3.55500e-01  7.35089e+00  8.34375e-01  4.16861e+02
-3.54500e-01  7.33672e+00  8.53125e-01  4.15523e+02
-3.53500e-01  7.32257e+00  8.71875e-01  4.14188e+02
-3.52500e-01  7.30844e+00  8.90625e-01  4.12857e+02
-3.51500e-01  7.29433e+00  9.09375e-01  4.11529e+02
-3.50500e-01  7.28023e+00  9.28125e-01  4.10204e+02
-3.49500e-01  7.26616e+00  9.46875e-01  4.08883e+02
-3.48500e-01  7.25210e+00  9.65625e-01  4.07565e+02
-3.47500e-01  7.23806e+00  9.84375e-01  4.06251e+02
-3.46500e-01  7.22403e+00  1.00312e+00  4.04940e+02
-3.45500e-01  7.21003e+00  1.02187e+00  4.03633e+02
-3.44500e-01  7.19604e+00  1.04062e+00  4.02329e+02
-3.43500e-01  7.18208e+00  1.05937e+00  4.01028e+02
-3.42500e-01  7.16812e+00  1.07812e+00  3.99730e+02
-3.41500e-01  7.15419e+00  1.09688e+00  3.98436e+02
-3.40500e-01  7.14028e+00  1.11562e+00  3.97146e+02
-3.39500e-01  7.12638e+00  1.13437e+00  3.95858e+02
-3.38500e-01  7.11250e+00  1.15312e+00  3.94574e+02
-3.37500e-01  7.09864e+00  1.17187e+00  3.93294e+02
-3.36500e-01  7.08480e+00  1.19063e+00  3.92016e+02
-3.35500e-01  7.07098e+00  1.20937e+00  3.90742e+02
-3.34500e-01  7.05717e+00  1.22812e+00  3.89472e+02
-3.33500e-01  7.04338e+00  1.24687e+00  3.88204e+02
-3.32500e-01  7.02961e+00  1.26562e+00  3.86940e+02
-3.31500e-01  7.01586e+00  1.28438e+00  3.85679e+02
-3.30500e-01  7.00213e+00  1.30312e+00  3.84422e+02
-3.29500e-01  6.98841e+00  1.32187e+00  3.83168e+02
-3.28500e-01  6.97471e+00  1.34062e+00  3.81917e+02
-3.27500e-01  6.96103e+00  1.35937e+00  3.80669e+02
-3.26500e-01  6.94737e+00  1.37813e+00  3.79424e+02
-3.25500e-01  6.93373e+00  1.39688e+00  3.78183e+02
-3.24500e-01  6.92010e+00  1.41562e+00  3.76945e+02
-3.23500e-01  6.90649e+00  1.43437e+00  3.75711e+02
-3.22500e-01  6.89290e+00  1.45312e+00  3.74479e+02
-3.21500e-01  6.87933e+00  1.47188e+00  3.73251e+02
-3.20500e-01  6.86577e+00  1.49063e+00  3.72026e+02
-3.19500e-01  6.85223e+00  1.50937e+00  3.70804e+02
-3.18500e-01  6.83871e+00  1.52812e+00  3.69586e+02
-3.17500e-01  6.82521e+00  1.54687e+00  3.68370e+02
-3.16500e-01  6.81173e+00  1.56563e+00  3.67158e+02
-3.15500e-01  6.79826e+00  1.58437e+00  3.65949e+02
-3.14500e-01  6.78481e+00  1.60312e+00  3.64744e+02
-3.13500e-01  6.77138e+00  1.62188e+00  3.63541e+02
-3.12500e-01  6.75797e+00  1.64062e+00  3.62342e+02
-3.11500e-01  6.74457e+00  1.65938e+00  3.61145e+02
-3.10500e-01  6.73120e+00  1.67812e+00  3.59952e+02
-3.09500e-01  6.71784e+00  1.69687e+00  3.58762e+02
-3.08500e-01  6.70449e+00  1.71563e+00  3.57576e+02
-3.07500e-01  6.69117e+00  1.73437e+00  3.56392e+02
-3.06500e-01  6.67786e+00  1.75313e+00  3.55211e+02
-3.05500e-01  6.66457e+00  1.77188e+00  3.54034e+02
-3.04500e-01  6.65130e+00  1.79062e+00  3.52860e+02
-3.03500e-01  6.63805e+00  1.80938e+00  3.51689e+02
-3.02500e-01  6.62481e+00  1.82812e+00  3.50521e+02
-3.01500e-01  6.61159e+00  1.84688e+00  3.49356e+02
-3.00500e-01  6.59839e+00  1.86563e+00  3.48194e+02
-2.99500e-01  6.58521e+00  1.88437e+00  3.47035e+02
-2.98500e-01  6.57204e+00  1.90313e+00  3.45880e+02
-2.97500e-01  6.55889e+00  1.92188e+00  3.44727e+02
-2.96500e-01  6.54576e+00  1.94063e+00  3.43578e+02
-2.95500e-01  6.53265e+00  1.95938e+00  3.42431e+02
-2.94500e-01  6.51955e+00  1.97812e+00  3.41288e+02
-2.93500e-01  6.50647e+00  1.99688e+00  3.40148e+02
-2.92500e-01  6.49341e+00  2.01563e+00  3.39010e+02
-2.91500e-01  6.48037e+00  2.03437e+00  3.37876e+02
-2.90500e-01  6.46734e+00  2.05313e+00  3.36745e+02
-2.89500e-01  6.45434e+00  2.07188e+00  3.35617e+02
-2.88500e-01  6.44134e+00  2.09063e+00  3.34492e+02
-2.87500e-01  6.42837e+00  2.10938e+00  3.33370e+02
-2.86500e-01  6.41542e+00  2.12812e+00  3.32251e+02
-2.85500e-01  6.40248e+00  2.14688e+00  3.31135e+02
-2.84500e-01  6.38956e+00  2.16563e+00  3.30022e+02
-2.83500e-01  6.37665e+00  2.18438e+00  3.28912e+02
-2.82500e-01  6.36377e+00  2.20313e+00  3.27804e+02
-2.81500e-01  6.35090e+00  2.22188e+00  3.26700e+02
-2.80500e-01  6.33804e+00  2.24063e+00  3.25599e+02
-2.79500e-01  6.32521e+00  2.25938e+00  3.24501e+02
-2.78500e-01  6.31239e+00  2.27813e+00  3.23406e+02
-2.77500e-01  6.29959e+00  2.29688e+00  3.22314e+02
-2.76500e-01  6.28681e+00  2.31563e+00  3.21224e+02
-2.75500e-01  6.27405e+00  2.33438e+00  3.20138e+02
-2.74500e-01  6.26130e+00  2.35313e+00  3.19055e+02
-2.73500e-01  6.24857e+00  2.37188e+00  3.17974e+02
-2.72500e-01  6.23585e+00  2.39063e+00  3.16897e+02
-2.71500e-01  6.22316e+00  2.40938e+00  3.15822e+02
-2.70500e-01  6.21048e+00  2.42813e+00  3.14751e+02
-2.69500e-01  6.19782e+00  2.44688e+00  3.13682e+02
-2.68500e-01  6.18517e+00  2.46563e+00  3.12616e+02
-2.67500e-01  6.17255e+00  2.48438e+00  3.11553e+02
-2.66500e-01  6.15994e+00  2.50313e+00  3.10493e+02
-2.65500e-01  6.14734e+00  2.52187e+00  3.09436e+02
-2.64500e-01  6.13477e+00  2.54062e+00  3.08381e+02
-2.63500e-01  6.12221e+00  2.55937e+00  3.07330e+02
-2.62500e-01  6.10967e+00  2.57812e+00  3.06281e+02
-2.61500e-01  6.09714e+00  2.59687e+00  3.05236e+02
-2.60500e-01  6.08464e+00  2.61562e+00  3.04193e+02
-2.59500e-01  6.07215e+00  2.63437e+00  3.03153e+02
-2.58500e-01  6.05968e+00  2.65312e+00  3.02116e+02
-2.57500e-01  6.04722e+00  2.67187e+00  3.01082e+02
-2.56500e-01  6.03478e+00  2.69062e+00  3.00050e+02
-2.55500e-01  6.02236e+00  2.70937e+00  2.99021e+02
-2.54500e-01  6.00995e+00  2.72812e+00  2.97996e+02
-2.53500e-01  5.99757e+00  2.74687e+00  2.96973e+02
-2.52500e-01  5.98520e+00  2.76562e+00  2.95953e+02
-2.51500e-01  5.97284e+00  2.78437e+00  2.94935e+02
-2.50500e-01  5.96051e+00  2.80312e+00  2.93921e+02
-2.49500e-01  5.94819e+00  2.82187e+00  2.92909e+02
-2.48500e-01  5.93589e+00  2.84063e+00  2.91900e+02
-2.47500e-01  5.92360e+00  2.85937e+00  2.90894e+02
-2.46500e-01  5.91133e+00  2.87812e+00  2.89890e+02
-2.45500e-01  5.89908e+00  2.89687e+00  2.88890e+02
-2.44500e-01  5.88685e+00  2.91562e+00  2.87892e+02
-2.43500e-01  5.87463e+00  2.93438e+00  2.86897e+02
-2.42500e-01  5.86243e+00  2.95312e+00  2.85904e+02
-2.41500e-01  5.85024e+00  2.97187e+00  2.84915e+02
-2.40500e-01  5.83808e+00  2.99063e+00  2.83928e+02
-2.39500e-01  5.82593e+00  3.00937e+00  2.82943e+02
-2.38500e-01  5.81379e+00  3.02812e+00  2.81962e+02
-2.37500e-01  5.80168e+00  3.04687e+00  2.80983e+02
-2.36500e-01  5.78958e+00  3.06562e+00  2.80007e+02
-2.35500e-01  5.77750e+00  3.08438e+00  2.79034e+02
-2.34500e-01  5.76543e+00  3.10312e+00  2.78064e+02
-2.33500e-01  5.75338e+00  3.12187e+00  2.77096e+02
-2.32500e-01  5.74135e+00  3.14062e+00  2.76131e+02
-2.31500e-01  5.72933e+00  3.15937e+00  2.75168e+02
-2.30500e-01  5.71733e+00  3.17813e+00  2.74208e+02
-2.29500e-01  5.70535e+00  3.19687e+00  2.73251e+02
-2.28500e-01  5.69339e+00  3.21562e+00  2.72297e+02
-2.27500e-01  5.68144e+00  3.23438e+00  2.71345e+02
-2.26500e-01  5.66951e+00  3.25312e+00  2.70396e+02
-2.25500e-01  5.65759e+00  3.27188e+00  2.69450e+02
-2.24500e-01  5.64569e+00  3.29063e+00  2.68506e+02
-2.23500e-01  5.63381e+00  3.30937e+00  2.67565e+02
-2.22500e-01  5.62195e+00  3.32812e+00  2.66626e+02
-2.21500e-01  5.61010e+00  3.34687e+00  2.65690e+02
-2.20500e-01  5.59827e+00  3.36563e+00  2.64757e+02
-2.19500e-01  5.58645e+00  3.38438e+00  2.63826e+02
-2.18500e-01  5.57466e+00  3.40312e+00  2.62898e+02
-2.17500e-01  5.56287e+00  3.42187e+00  2.61973e+02
-2.16500e-01  5.55111e+00  3.44062e+00  2.61050e+02
-2.15500e-01  5.53936e+00  3.45937e+00  2.60130e+02
-2.14500e-01  5.52763e+00  3.47812e+00  2.59213e+02
-2.13500e-01  5.51591e+00  3.49687e+00  2.58298e+02
-2.12500e-01  5.50422e+00  3.51562e+00  2.57385e+02
-2.11500e-01  5.49253e+00  3.53437e+00  2.56475e+02
-2.10500e-01  5.48087e+00  3.55312e+00  2.55568e+02
-2.09500e-01  5.46922e+00  3.57187e+00  2.54664e+02
-2.08500e-01  5.45759e+00  3.59062e+00  2.53761e+02
-2.07500e-01  5.44597e+00  3.60937e+00  2.52862e+02
-2.06500e-01  5.43437e+00  3.62812e+00  2.51965e+02
-2.05500e-01  5.42279e+00  3.64687e+00  2.51070e+02
-2.04500e-01  5.41122e+00  3.66562e+00  2.50179e+02
-2.03500e-01  5.39967e+00  3.68437e+00  2.49289e+02
-2.02500e-01  5.38814e+00  3.70312e+00  2.48402e+02
-2.01500e-01  5.37662e+00  3.72187e+00  2.47518e+02
-2.00500e-01  5.36512e+00  3.74062e+00  2.46636e+02
-1.99500e-01  5.35363e+00  3.75937e+00  2.45757e+02
-1.98500e-01  5.34217e+00  3.77812e+00  2.44880e+02
-1.97500e-01  5.33072e+00  3.79687e+00  2.44006e+02
-1.96500e-01  5.31928e+00  3.81562e+00  2.43134e+02
-1.95500e-01  5.30786e+00  3.83437e+00  2.42265e+02
-1.94500e-01  5.29646e+00  3.85312e+00  2.41398e+02
-1.93500e-01  5.28507e+00  3.87187e+00  2.40534e+02
-1.92500e-01  5.27370e+00  3.89062e+00  2.39672e+02
-1.91500e-01  5.26235e+00  3.90937e+00  2.38813e+02
-1.90500e-01  5.25101e+00  3.92812e+00  2.37956e+02
-1.89500e-01  5.23969e+00  3.94687e+00  2.37101e+02
-1.88500e-01  5.22839e+00  3.96562e+00  2.36249e+02
-1.87500e-01  5.21710e+00  3.98437e+00  2.35400e+02
-1.86500e-01  5.20583e+00  4.00312e+00  2.34553e+02
-1.85500e-01  5.19457e+00  4.02187e+00  2.33708e+02
-1.84500e-01  5.18333e+00  4.04062e+00  2.32866e+02
-1.83500e-01  5.17211e+00  4.05938e+00  2.32026e+02
-1.82500e-01  5.16090e+00  4.07812e+00  2.31189e+02
-1.81500e-01  5.14971e+00  4.09687e+00  2.30354e+02
-1.80500e-01  5.13853e+00  4.11562e+00  2.29522e+02
-1.79500e-01  5.12738e+00  4.13437e+00  2.28691e+02
-1.78500e-01  5.11623e+00  4.15313e+00  2.27864e+02
-1.77500e-01  5.10511e+00  4.17187e+00  2.27038e+02
-1.76500e-01  5.09400e+00  4.19062e+00  2.26216e+02
-1.75500e-01  5.08290e+00  4.20937e+00  2.25395e+02
-1.74500e-01  5.07183e+00  4.22812e+00  2.24577e+02
-1.73500e-01  5.06076e+00  4.24688e+00  2.23761e+02
-1.72500e-01  5.04972e+00  4.26562e+00  2.22948e+02
-1.71500e-01  5.03869e+00  4.28437e+00  2.22137e+02
-1.70500e-01  5.02767e+00  4.30312e+00  2.21328e+02
-1.69500e-01  5.01668e+00  4.32187e+00  2.20522e+02
-1.68500e-01  5.00570e+00  4.34063e+00  2.19718e+02
-1.67500e-01  4.99473e+00  4.35938e+00  2.18916e+02
-1.66500e-01  4.98378e+00  4.37812e+00  2.18117e+02
-1.65500e-01  4.97285e+00  4.39687e+00  2.17320e+02
-1.64500e-01  4.96193e+00  4.41562e+00  2.16525e+02
-1.63500e-01  4.95103e+00  4.43438e+00  2.15733e+02
-1.62500e-01  4.94014e+00  4.45312e+00  2.14943e+02
-1.61500e-01  4.92927e+00  4.47187e+00  2.14156e+02
-1.60500e-01  4.91842e+00  4.49062e+00  2.13370e+02
-1.59500e-01  4.90758e+00  4.50938e+00  2.12587e+02
-1.58500e-01  4.89676e+00  4.52812e+00  2.11807e+02
-1.57500e-01  4.88596e+00  4.54688e+00  2.11028e+02
-1.56500e-01  4.87517e+00  4.56562e+00  2.10252e+02
-1.55500e-01  4.86439e+00  4.58437e+00  2.09478e+02
-1.54500e-01  4.85363e+00  4.60312e+00  2.08707e+02
-1.53500e-01  4.84289e+00  4.62187e+00  2.07937e+02
-1.52500e-01  4.83217e+00  4.64062e+00  2.07170e+02
-1.51500e-01  4.82146e+00  4.65937e+00  2.06406e+02
-1.50500e-01  4.81076e+00  4.67812e+00  2.05643e+02
-1.49500e-01  4.80008e+00  4.69687e+00  2.04883e+02
-1.48500e-01  4.78942e+00  4.71562e+00  2.04125e+02
-1.47500e-01  4.77877e+00  4.73437e+00  2.03369e+02
-1.46500e-01  4.76814e+00  4.75312e+00  2.02616e+02
-1.45500e-01  4.75753e+00  4.77187e+00  2.01864e+02
-1.44500e-01  4.74693e+00  4.79062e+00  2.01115e+02
-1.43500e-01  4.73634e+00  4.80937e+00  2.00369e+02
-1.42500e-01  4.72577e+00  4.82812e+00  1.99624e+02
-1.41500e-01  4.71522e+00  4.84687e+00  1.98882e+02
-1.40500e-01  4.70468e+00  4.86562e+00  1.98141e+02
-1.39500e-01  4.69416e+00  4.88437e+00  1.97404e+02
-1.38500e-01  4.68366e+00  4.90312e+00  1.96668e+02
-1.37500e-01  4.67317e+00  4.92187e+00  1.95934e+02
-1.36500e-01  4.66269e+00  4.94062e+00  1.95203e+02
-1.35500e-01  4.65224e+00  4.95937e+00  1.94474e+02
-1.34500e-01  4.64179e+00  4.97812e+00  1.93747e+02
-1.33500e-01  4.63137e+00  4.99687e+00  1.93022e+02
-1.32500e-01  4.62095e+00  5.01562e+00  1.92299e+02
-1.31500e-01  4.61056e+00  5.03437e+00  1.91579e+02
-1.30500e-01  4.60018e+00  5.05312e+00  1.90860e+02
-1.29500e-01  4.58981e+00  5.07187e+00  1.90144e+02
-1.28500e-01  4.57946e+00  5.09062e+00  1.89430e+02
-1.27500e-01  4.56913e+00  5.10937e+00  1.88718e+02
-1.26500e-01  4.55881e+00  5.12812e+00  1.88009e+02
-1.25500e-01  4.54851e+00  5.14687e+00  1.87301e+02
-1.24500e-01  4.53822e+00  5.16562e+00  1.86595e+02
-1.23500e-01  4.52795e+00  5.18437e+00  1.85892e+02
-1.22500e-01  4.51770e+00  5.20312e+00  1.85191e+02
-1.21500e-01  4.50746e+00  5.22187e+00  1.84492e+02
-1.20500e-01  4.49723e+00  5.24062e+00  1.83795e+02
-1.19500e-01  4.48702e+00  5.25937e+00  1.83100e+02
-1.18500e-01  4.47683e+00  5.27812e+00  1.82407e+02
-1.17500e-01  4.46665e+00  5.29687e+00  1.81717e+02
-1.16500e-01  4.45649e+00  5.31562e+00  1.81028e+02
-1.15500e-01  4.44634e+00  5.33437e+00  1.80341e+02
-1.14500e-01  4.43621e+00  5.35312e+00  1.79657e+02
-1.13500e-01  4.42609e+00  5.37187e+00  1.78975e+02
-1.12500e-01  4.41599e+00  5.39062e+00  1.78294e+02
-1.11500e-01  4.40590e+00  5.40937e+00  1.77616e+02
-1.10500e-01  4.39583e+00  5.42812e+00  1.76940e+02
-1.09500e-01  4.38578e+00  5.44688e+00  1.76266e+02
-1.08500e-01  4.37574e+00  5.46562e+00  1.75594e+02
-1.07500e-01  4.36571e+00  5.48437e+00  1.74924e+02
-1.06500e-01  4.35570e+00  5.50312e+00  1.74256e+02
-1.05500e-01  4.34571e+00  5.52187e+00  1.73590e+02
-1.04500e-01  4.33573e+00  5.54063e+00  1.72927e+02
-1.03500e-01  4.32577e+00  5.55937e+00  1.72265e+02
-1.02500e-01  4.31582e+00  5.57812e+00  1.71605e+02
-1.01500e-01  4.30589e+00  5.59687e+00  1.70947e+02
-1.00500e-01  4.29597e+00  5.61562e+00  1.70292e+02
-9.95000e-02  4.28607e+00  5.63438e+00  1.69638e+02
-9.85000e-02  4.27618e+00  5.65312e+00  1.68986e+02
-9.75000e-02  4.26631e+00  5.67187e+00  1.68336e+02
-9.65000e-02  4.25645e+00  5.69062e+00  1.67689e+02
-9.55000e-02  4.24661e+00  5.70937e+00  1.67043e+02
-9.45000e-02  4.23678e+00  5.72813e+00  1.66399e+02
-9.35000e-02  4.22697e+00  5.74687e+00  1.65758e+02
-9.25000e-02  4.21718e+00  5.76562e+00  1.65118e+02
-9.15000e-02  4.20739e+00  5.78437e+00  1.64480e+02
-9.05000e-02  4.19763e+00  5.80312e+00  1.63844e+02
-8.95000e-02  4.18788e+00  5.82187e+00  1.63210e+02
-8.85000e-02  4.17814e+00  5.84062e+00  1.62579e+02
-8.75000e-02  4.16842e+00  5.85937e+00  1.61949e+02
-8.65000e-02  4.15872e+00  5.87812e+00  1.61321e+02
-8.55000e-02  4.14903e+00  5.89687e+00  1.60695e+02
-8.45000e-02  4.13935e+00  5.91562e+00  1.60071e+02
-8.35000e-02  4.12969e+00  5.93437e+00  1.59449e+02
-8.25000e-02  4.12005e+00  5.95312e+00  1.58828e+02
-8.15000e-02  4.11042e+00  5.97187e+00  1.58210e+02
-8.05000e-02  4.10080e+00  5.99062e+00  1.57594e+02
-7.95000e-02  4.09120e+00  6.00937e+00  1.56979e+02
-7.85000e-02  4.08162e+00  6.02812e+00  1.56367e+02
-7.75000e-02  4.07205e+00  6.04687e+00  1.55756e+02
-7.65000e-02  4.06249e+00  6.06562e+00  1.55148e+02
-7.55000e-02  4.05295e+00  6.08437e+00  1.54541e+02
-7.45000e-02  4.04343e+00  6.10312e+00  1.53936e+02
-7.35000e-02  4.03392e+00  6.12187e+00  1.53333e+02
-7.25000e-02  4.02442e+00  6.14062e+00  1.52732e+02
-7.15000e-02  4.01494e+00  6.15937e+00  1.52133e+02
-7.05000e-02  4.00548e+00  6.17812e+00  1.51536e+02
-6.95000e-02  3.99602e+00  6.19687e+00  1.50940e+02
-6.85000e-02  3.98659e+00  6.21562e+00  1.50347e+02
-6.75000e-02  3.97717e+00  6.23437e+00  1.49755e+02
-6.65000e-02  3.96776e+00  6.25312e+00  1.49165e+02
-6.55000e-02  3.95837e+00  6.27187e+00  1.48577e+02
-6.45000e-02  3.94899e+00  6.29062e+00  1.47991e+02
-6.35000e-02  3.93963e+00  6.30937e+00  1.47407e+02
-6.25000e-02  3.93029e+00  6.32812e+00  1.46824e+02
-6.15000e-02  3.92095e+00  6.34687e+00  1.46244e+02
-6.05000e-02  3.91164e+00  6.36562e+00  1.45665e+02
-5.95000e-02  3.90234e+00  6.38437e+00  1.45088e+02
-5.85000e-02  3.89305e+00  6.40312e+00  1.44513e+02
-5.75000e-02  3.88377e+00  6.42187e+00  1.43940e+02
-5.65000e-02  3.87452e+00  6.44062e+00  1.43369e+02
-5.55000e-02  3.86527e+00  6.45937e+00  1.42799e+02
-5.45000e-02  3.85604e+00  6.47812e+00  1.42231e+02
-5.35000e-02  3.84683e+00  6.49687e+00  1.41665e+02
-5.25000e-02  3.83763e+00  6.51562e+00  1.41101e+02
-5.15000e-02  3.82845e+00  6.53437e+00  1.40539e+02
-5.05000e-02  3.81928e+00  6.55312e+00  1.39978e+02
-4.95000e-02  3.81012e+00  6.57187e+00  1.39419e+02
-4.85000e-02  3.80098e+00  6.59062e+00  1.38862e+02
-4.75000e-02  3.79185e+00  6.60937e+00  1.38307e+02
-4.65000e-02  3.78274e+00  6.62812e+00  1.37754e+02
-4.55000e-02  3.77365e+00  6.64687e+00  1.37202e+02
-4.45000e-02  3.76456e+00  6.66562e+00  1.36652e+02
-4.35000e-02  3.75550e+00  6.68438e+00  1.36104e+02
-4.25000e-02  3.74644e+00  6.70312e+00  1.35557e+02
-4.15000e-02  3.73741e+00  6.72187e+00  1.35013e+02
-4.05000e-02  3.72838e+00  6.74062e+00  1.34470e+02
-3.95000e-02  3.71937e+00  6.75937e+00  1.33929e+02
-3.85000e-02  3.71038e+00  6.77813e+00  1.33389e+02
-3.75000e-02  3.70140e+00  6.79687e+00  1.32852e+02
-3.65000e-02  3.69243e+00  6.81562e+00  1.32316e+02
-3.55000e-02  3.68348e+00  6.83437e+00  1.31782e+02
-3.45000e-02  3.67454e+00  6.85312e+00  1.31249e+02
-3.35000e-02  3.66562e+00  6.87188e+00  1.30719e+02
-3.25000e-02  3.65671e+00  6.89062e+00  1.30190e+02
-3.15000e-02  3.64782e+00  6.90937e+00  1.29662e+02
-3.05000e-02  3.63894e+00  6.92812e+00  1.29137e+02
-2.95000e-02  3.63008e+00  6.94687e+00  1.28613e+02
-2.85000e-02  3.62123e+00  6.96562e+00  1.28091e+02
-2.75000e-02  3.61239e+00  6.98437e+00  1.27570e+02
-2.65000e-02  3.60357e+00  7.00312e+00  1.27051e+02
-2.55000e-02  3.59476e+00  7.02187e+00  1.26534e+02
-2.45000e-02  3.58597e+00  7.04062e+00  1.26019e+02
-2.35000e-02  3.57719e+00  7.05937e+00  1.25505e+02
-2.25000e-02  3.56843e+00  7.07812e+00  1.24993e+02
-2.15000e-02  3.55968e+00  7.09687e+00  1.24483e+02
-2.05000e-02  3.55094e+00  7.11562e+00  1.23974e+02
-1.95000e-02  3.54222e+00  7.13437e+00  1.23467e+02
-1.85000e-02  3.53351e+00  7.15312e+00  1.22961e+02
-1.75000e-02  3.52482e+00  7.17187e+00  1.22458e+02
-1.65000e-02  3.51614e+00  7.19062e+00  1.21956e+02
-1.55000e-02  3.50748e+00  7.20937e+00  1.21455e+02
-1.45000e-02  3.49883e+00  7.22812e+00  1.20956e+02
-1.35000e-02  3.49019e+00  7.24687e+00  1.20459e+02
-1.25000e-02  3.48157e+00  7.26562e+00  1.19964e+02
-1.15000e-02  3.47296e+00  7.28437e+00  1.19470e+02
-1.05000e-02  3.46437e+00  7.30312e+00  1.18978e+02
-9.50000e-03  3.45579e+00  7.32187e+00  1.18487e+02
-8.50000e-03  3.44723e+00  7.34062e+00  1.17998e+02
-7.50000e-03  3.43868e+00  7.35937e+00  1.17511e+02
-6.50000e-03  3.43014e+00  7.37812e+00  1.17025e+02
-5.50000e-03  3.42162e+00  7.39687e+00  1.16541e+02
-4.50000e-03  3.41311e+00  7.41562e+00  1.16058e+02
-3.50000e-03  3.40462e+00  7.43437e+00  1.15577e+02
-2.50000e-03  3.39614e+00  7.45312e+00  1.15098e+02
-1.50000e-03  3.38767e+00  7.47187e+00  1.14620e+02
-5.00000e-04  3.37922e+00  7.49062e+00  1.14144e+02
 5.00000e-04  3.37078e+00  7.50937e+00  1.13669e+02
 1.50000e-03  3.36236e+00  7.52812e+00  1.13196e+02
 2.50000e-03  3.35395e+00  7.54687e+00  1.12725e+02
 3.50000e-03  3.34555e+00  7.56562e+00  1.12255e+02
 4.50000e-03  3.33717e+00  7.58437e+00  1.11786e+02
 5.50000e-03  3.32881e+00  7.60312e+00  1.11320e+02
 6.50000e-03  3.32045e+00  7.62187e+00  1.10855e+02
 7.50000e-03  3.31211e+00  7.64062e+00  1.10391e+02
 8.50000e-03  3.30379e+00  7.65937e+00  1.09929e+02
 9.50000e-03  3.29548e+00  7.67812e+00  1.09468e+02
 1.05000e-02  3.28718e+00  7.69687e+00  1.09009e+02
 1.15000e-02  3.27890e+00  7.71562e+00  1.08552e+02
 1.25000e-02  3.27063e+00  7.73437e+00  1.08096e+02
 1.35000e-02  3.26237e+00  7.75312e+00  1.07642e+02
 1.45000e-02  3.25413e+00  7.77187e+00  1.07189e+02
 1.55000e-02  3.24590e+00  7.79062e+00  1.06737e+02
 1.65000e-02  3.23769e+00  7.80937e+00  1.06288e+02
 1.75000e-02  3.22949e+00  7.82812e+00  1.05839e+02
 1.85000e-02  3.22130e+00  7.84687e+00  1.05393e+02
 1.95000e-02  3.21313e+00  7.86562e+00  1.04947e+02
 2.05000e-02  3.20497e+00  7.88437e+00  1.04504e+02
 2.15000e-02  3.19682e+00  7.90312e+00  1.04061e+02
 2.25000e-02  3.18869e+00  7.92187e+00  1.03621e+02
 2.35000e-02  3.18058e+00  7.94062e+00  1.03181e+02
 2.45000e-02  3.17247e+00  7.95937e+00  1.02744e+02
 2.55000e-02  3.16438e+00  7.97812e+00  1.02307e+02
 2.65000e-02  3.15631e+00  7.99687e+00  1.01872e+02
 2.75000e-02  3.14825e+00  8.01562e+00  1.01439e+02
 2.85000e-02  3.14020e+00  8.03437e+00  1.01007e+02
 2.95000e-02  3.13216e+00  8.05312e+00  1.00577e+02
 3.05000e-02  3.12414e+00  8.07187e+00  1.00148e+02
 3.15000e-02  3.11613e+00  8.09062e+00  9.97206e+01
 3.25000e-02  3.10814e+00  8.10937e+00  9.92946e+01
 3.35000e-02  3.10016e+00  8.12812e+00  9.88701e+01
 3.45000e-02  3.09219e+00  8.14687e+00  9.84471e+01
 3.55000e-02  3.08424e+00  8.16562e+00  9.80254e+01
 3.65000e-02  3.07630e+00  8.18437e+00  9.76053e+01
 3.75000e-02  3.06838e+00  8.20312e+00  9.71865e+01
 3.85000e-02  3.06047e+00  8.22187e+00  9.67693e+01
 3.95000e-02  3.05257e+00  8.24062e+00  9.63534e+01
 4.05000e-02  3.04468e+00  8.25937e+00  9.59390e+01
 4.15000e-02  3.03681e+00  8.27812e+00  9.55260e+01
 4.25000e-02  3.02896e+00  8.29687e+00  9.51144e+01
 4.35000e-02  3.02111e+00  8.31562e+00  9.47043e+01
 4.45000e-02  3.01854e+00  8.32179e+00  9.45697e+01
 4.55000e-02  3.01854e+00  8.32179e+00  9.45697e+01
 4.65000e-02  3.01854e+00  8.32179e+00  9.45697e+01
 4.75000e-02  3.01854e+00  8.32179e+00  9.45697e+01
 4.85000e-02  3.01854e+00  8.32179e+00  9.45697e+01
 4.95000e-02  3.01854e+00  8.32179e+00  9.45697e+01
 5.05000e-02  3.01854e+00  8.32179e+00  9.45697e+01
 5.15000e-02  3.01854e+00  8.32179e+00  9.45697e+01
 5.25000e-02  3.01854e+00  8.32179e+00  9.45697e+01
 5.35000e-02  3.01854e+00  8.32179e+00  9.45697e+01
 5.45000e-02  3.01854e+00  8.32179e+00  9.45697e+01
 5.55000e-02  3.01854e+00  8.32179e+00  9.45697e+01
 5.65000e-02  3.01854e+00  8.32179e+00  9.45697e+01
 5.75000e-02  3.01854e+00  8.32179e+00  9.45697e+01
 5.85000e-02  3.01854e+00  8.32179e+00  9.45697e+01
 5.95000e-02  3.01854e+00  8.32179e+00  9.45697e+01
 6.05000e-02  3.01854e+00  8.32179e+00  9.45697e+01
 6.15000e-02  3.01854e+00  8.32179e+00  9.45697e+01
 6.25000e-02  3.01854e+00  8.32179e+00  9.45697e+01
 6.35000e-02  3.01854e+00  8.32179e+00  9.45697e+01
 6.45000e-02  3.01854e+00  8.32179e+00  9.45697e+01
 6.55000e-02  3.01854e+00  8.32179e+00  9.45697e+01
 6.65000e-02  3.01854e+00  8.32179e+00  9.45697e+01
 6.75000e-02  3.01854e+00  8.32179e+00  9.45697e+01
 6.85000e-02  3.01854e+00  8.32179e+00  9.45697e+01
 6.95000e-02  3.01854e+00  8.32179e+00  9.45697e+01
 7.05000e-02  3.01854e+00  8.32179e+00  9.45697e+01
 7.15000e-02  3.01854e+00  8.32179e+00  9.45697e+01
 7.25000e-02  3.01854e+00  8.32179e+00  9.45697e+01
 7.35000e-02  3.01854e+00  8.32179e+00  9.45697e+01
 7.45000e-02  3.01854e+00  8.32179e+00  9.45697e+01
 7.55000e-02  3.01854e+00  8.32179e+00  9.45697e+01
 7.65000e-02  3.01854e+00  8.32179e+00  9.45697e+01
 7.75000e-02  3.01854e+00  8.32179e+00  9.45697e+01
 7.85000e-02  3.01854e+00  8.32179e+00  9.45697e+01
 7.95000e-02  3.01854e+00  8.32179e+00  9.45697e+01
 8.05000e-02  3.01854e+00  8.32179e+00  9.45697e+01
 8.15000e-02  3.01854e+00  8.32179e+00  9.45697e+01
 8.25000e-02  3.01854e+00  8.32179e+00  9.45697e+01
 8.35000e-02  3.01854e+00  8.32179e+00  9.45697e+01
 8.45000e-02  3.01854e+00  8.32179e+00  9.45697e+01
 8.55000e-02  3.01854e+00  8.32179e+00  9.45697e+01
 8.65000e-02  3.01854e+00  8.32179e+00  9.45697e+01
 8.75000e-02  3.01854e+00  8.32179e+00  9.45697e+01
 8.85000e-02  3.01854e+00  8.32179e+00  9.45697e+01
 8.95000e-02  3.01854e+00  8.32179e+00  9.45697e+01
 9.05000e-02  3.01854e+00  8.32179e+00  9.45697e+01
 9.15000e-02  3.01854e+00  8.32179e+00  9.45697e+01
 9.25000e-02  3.01854e+00  8.32179e+00  9.45697e+01
 9.35000e-02  3.01854e+00  8.32179e+00  9.45697e+01
 9.45000e-02  3.01854e+00  8.32179e+00  9.45697e+01
 9.55000e-02  3.01854e+00  8.32179e+00  9.45697e+01
 9.65000e-02  3.01854e+00  8.32179e+00  9.45697e+01
 9.75000e-02  3.01854e+00  8.32179e+00  9.45697e+01
 9.85000e-02  3.01854e+00  8.32179e+00  9.45697e+01
 9.95000e-02  3.01854e+00  8.32179e+00  9.45697e+01
 1.00500e-01  3.01854e+00  8.32179e+00  9.45697e+01
 1.01500e-01  3.01854e+00  8.32179e+00  9.45697e+01
 1.02500e-01  3.01854e+00  8.32179e+00  9.45697e+01
 1.03500e-01  3.01854e+00  8.32179e+00  9.45697e+01
 1.04500e-01  3.01854e+00  8.32179e+00  9.45697e+01
 1.05500e-01  3.01854e+00  8.32179e+00  9.45697e+01
 1.06500e-01  3.01854e+00  8.32179e+00  9.45697e+01
 1.07500e-01  3.01854e+00  8.32179e+00  9.45697e+01
 1.08500e-01  3.01854e+00  8.32179e+00  9.45697e+01
 1.09500e-01  3.01854e+00  8.32179e+00  9.45697e+01
 1.10500e-01  3.01854e+00  8.32179e+00  9.45697e+01
 1.11500e-01  3.01854e+00  8.32179e+00  9.45697e+01
 1.12500e-01  3.01854e+00  8.32179e+00  9.45697e+01
 1.13500e-01  3.01854e+00  8.32179e+00  9.45697e+01
 1.14500e-01  3.01854e+00  8.32179e+00  9.45697e+01
 1.15500e-01  3.01854e+00  8.32179e+00  9.45697e+01
 1.16500e-01  3.01854e+00  8.32179e+00  9.45697e+01
 1.17500e-01  3.01854e+00  8.32179e+00  9.45697e+01
 1.18500e-01  3.01854e+00  8.32179e+00  9.45697e+01
 1.19500e-01  3.01854e+00  8.32179e+00  9.45697e+01
 1.20500e-01  3.01854e+00  8.32179e+00  9.45697e+01
 1.21500e-01  3.01854e+00  8.32179e+00  9.45697e+01
 1.22500e-01  3.01854e+00  8.32179e+00  9.45697e+01
 1.23500e-01  3.01854e+00  8.32179e+00  9.45697e+01
 1.24500e-01  3.01854e+00  8.32179e+00  9.45697e+01
 1.25500e-01  3.01854e+00  8.32179e+00  9.45697e+01
 1.26500e-01  3.01854e+00  8.32179e+00  9.45697e+01
 1.27500e-01  3.01854e+00  8.32179e+00  9.45697e+01
 1.28500e-01  3.01854e+00  8.32179e+00  9.45697e+01
 1.29500e-01  3.01854e+00  8.32179e+00  9.45697e+01
 1.30500e-01  3.01854e+00  8.32179e+00  9.45697e+01
 1.31500e-01  3.01854e+00  8.32179e+00  9.45697e+01
 1.32500e-01  3.01854e+00  8.32179e+00  9.45697e+01
 1.33500e-01  3.01854e+00  8.32179e+00  9.45697e+01
 1.34500e-01  3.01854e+00  8.32179e+00  9.45697e+01
 1.35500e-01  3.01854e+00  8.32179e+00  9.45697e+01
 1.36500e-01  3.01854e+00  8.32179e+00  9.45697e+01
 1.37500e-01  3.01854e+00  8.32179e+00  9.45697e+01
 1.38500e-01  3.01854e+00  8.32179e+00  9.45697e+01
 1.39500e-01  3.01854e+00  8.32179e+00  9.45697e+01
 1.40500e-01  3.01854e+00  8.32179e+00  9.45697e+01
 1.41500e-01  3.01854e+00  8.32179e+00  9.45697e+01
 1.42500e-01  3.01854e+00  8.32179e+00  9.45697e+01
 1.43500e-01  3.01854e+00  8.32179e+00  9.45697e+01
 1.44500e-01  3.01854e+00  8.32179e+00  9.45697e+01
 1.45500e-01  3.01854e+00  8.32179e+00  9.45697e+01
 1.46500e-01  3.01854e+00  8.32179e+00  9.45697e+01
 1.47500e-01  3.01854e+00  8.32179e+00  9.45697e+01
 1.48500e-01  3.01854e+00  8.32179e+00  9.45697e+01
 1.49500e-01  3.01854e+00  8.32179e+00  9.45697e+01
 1.50500e-01  3.01854e+00  8.32179e+00  9.45697e+01
 1.51500e-01  3.01854e+00  8.32179e+00  9.45697e+01
 1.52500e-01  3.01854e+00  8.32179e+00  9.45697e+01
 1.53500e-01  3.01854e+00  8.32179e+00  9.45697e+01
 1.54500e-01  3.01854e+00  8.32179e+00  9.45697e+01
 1.55500e-01  3.01854e+00  8.32179e+00  9.45697e+01
 1.56500e-01  3.01854e+00  8.32179e+00  9.45697e+01
 1.57500e-01  3.01854e+00  8.32179e+00  9.45697e+01
 1.58500e-01  3.01854e+00  8.32179e+00  9.45697e+01
 1.59500e-01  3.01854e+00  8.32179e+00  9.45697e+01
 1.60500e-01  3.01854e+00  8.32179e+00  9.45697e+01
 1.61500e-01  3.01854e+00  8.32179e+00  9.45697e+01
 1.62500e-01  3.01854e+00  8.32179e+00  9.45697e+01
 1.63500e-01  3.01854e+00  8.32179e+00  9.45697e+01
 1.64500e-01  3.01854e+00  8.32179e+00  9.45697e+01
 1.65500e-01  3.01854e+00  8.32179e+00  9.45697e+01
 1.66500e-01  3.01854e+00  8.32179e+00  9.45697e+01
 1.67500e-01  3.01854e+00  8.32179e+00  9.45697e+01
 1.68500e-01  3.01854e+00  8.32179e+00  9.45697e+01
 1.69500e-01  3.01854e+00  8.32179e+00  9.45697e+01
 1.70500e-01  3.01854e+00  8.32179e+00  9.45697e+01
 1.71500e-01  3.01854e+00  8.32179e+00  9.45697e+01
 1.72500e-01  3.01854e+00  8.32179e+00  9.45697e+01
 1.73500e-01  3.01854e+00  8.32179e+00  9.45697e+01
 1.74500e-01  3.01854e+00  8.32179e+00  9.45697e+01
 1.75500e-01  3.01854e+00  8.32179e+00  9.45697e+01
 1.76500e-01  3.01854e+00  8.32179e+00  9.45697e+01
 1.77500e-01  3.01854e+00  8.32179e+00  9.45697e+01
 1.78500e-01  3.01854e+00  8.32179e+00  9.45697e+01
 1.79500e-01  3.01854e+00  8.32179e+00  9.45697e+01
 1.80500e-01  3.01854e+00  8.32179e+00  9.45697e+01
 1.81500e-01  3.01854e+00  8.32179e+00  9.45697e+01
 1.82500e-01  3.01854e+00  8.32179e+00  9.45697e+01
 1.83500e-01  3.01854e+00  8.32179e+00  9.45697e+01
 1.84500e-01  3.01854e+00  8.32179e+00  9.45697e+01
 1.85500e-01  3.01854e+00  8.32179e+00  9.45697e+01
 1.86500e-01  3.01854e+00  8.32179e+00  9.45697e+01
 1.87500e-01  3.01854e+00  8.32179e+00  9.45697e+01
 1.88500e-01  3.01854e+00  8.32179e+00  9.45697e+01
 1.89500e-01  3.01854e+00  8.32179e+00  9.45697e+01
 1.90500e-01  3.01854e+00  8.32179e+00  9.45697e+01
 1.91500e-01  3.01854e+00  8.32179e+00  9.45697e+01
 1.92500e-01  3.01854e+00  8.32179e+00  9.45697e+01
 1.93500e-01  3.01854e+00  8.32179e+00  9.45697e+01
 1.94500e-01  3.01854e+00  8.32179e+00  9.45697e+01
 1.95500e-01  3.01854e+00  8.32179e+00  9.45697e+01
 1.96500e-01  3.01854e+00  8.32179e+00  9.45697e+01
 1.97500e-01  3.01854e+00  8.32179e+00  9.45697e+01
 1.98500e-01  3.01854e+00  8.32179e+00  9.45697e+01
 1.99500e-01  3.01854e+00  8.32179e+00  9.45697e+01
 2.00500e-01  3.01854e+00  8.32179e+00  9.45697e+01
 2.01500e-01  3.01854e+00  8.32179e+00  9.45697e+01
 2.02500e-01  3.01854e+00  8.32179e+00  9.45697e+01
 2.03500e-01  3.01854e+00  8.32179e+00  9.45697e+01
 2.04500e-01  3.01854e+00  8.32179e+00  9.45697e+01
 2.05500e-01  3.01854e+00  8.32179e+00  9.45697e+01
 2.06500e-01  3.01854e+00  8.32179e+00  9.45697e+01
 2.07500e-01  3.01854e+00  8.32179e+00  9.45697e+01
 2.08500e-01  3.01854e+00  8.32179e+00  9.45697e+01
 2.09500e-01  3.01854e+00  8.32179e+00  9.45697e+01
 2.10500e-01  3.01854e+00  8.32179e+00  9.45697e+01
 2.11500e-01  3.01854e+00  8.32179e+00  9.45697e+01
 2.12500e-01  3.01854e+00  8.32179e+00  9.45697e+01
 2.13500e-01  3.01854e+00  8.32179e+00  9.45697e+01
 2.14500e-01  3.01854e+00  8.32179e+00  9.45697e+01
 2.15500e-01  3.01854e+00  8.32179e+00  9.45697e+01
 2.16500e-01  3.01854e+00  8.32179e+00  9.45697e+01
 2.17500e-01  3.01854e+00  8.32179e+00  9.45697e+01
 2.18500e-01  3.01854e+00  8.32179e+00  9.45697e+01
 2.19500e-01  3.01854e+00  8.32179e+00  9.45697e+01
 2.20500e-01  3.01854e+00  8.32179e+00  9.45697e+01
 2.21500e-01  3.01854e+00  8.32179e+00  9.45697e+01
 2.22500e-01  3.01854e+00  8.32179e+00  9.45697e+01
 2.23500e-01  3.01854e+00  8.32179e+00  9.45697e+01
 2.24500e-01  3.01854e+00  8.32179e+00  9.45697e+01
 2.25500e-01  3.01854e+00  8.32179e+00  9.45697e+01
 2.26500e-01  3.01854e+00  8.32179e+00  9.45697e+01
 2.27500e-01  3.01854e+00  8.32179e+00  9.45697e+01
 2.28500e-01  3.01854e+00  8.32179e+00  9.45697e+01
 2.29500e-01  3.01854e+00  8.32179e+00  9.45697e+01
 2.30500e-01  3.01854e+00  8.32179e+00  9.45697e+01
 2.31500e-01  3.01854e+00  8.32179e+00  9.45697e+01
 2.32500e-01  3.01854e+00  8.32179e+00  9.45697e+01
 2.33500e-01  3.01854e+00  8.32179e+00  9.45697e+01
 2.34500e-01  3.01854e+00  8.32179e+00  9.45697e+01
 2.35500e-01  3.01854e+00  8.32179e+00  9.45697e+01
 2.36500e-01  3.01854e+00  8.32179e+00  9.45697e+01
 2.37500e-01  3.01854e+00  8.32179e+00  9.45697e+01
 2.38500e-01  3.01854e+00  8.32179e+00  9.45697e+01
 2.39500e-01  3.01854e+00  8.32179e+00  9.45697e+01
 2.40500e-01  3.01854e+00  8.32179e+00  9.45697e+01
 2.41500e-01  3.01854e+00  8.32179e+00  9.45697e+01
 2.42500e-01  3.01854e+00  8.32179e+00  9.45697e+01
 2.43500e-01  3.01854e+00  8.32179e+00  9.45697e+01
 2.44500e-01  3.01854e+00  8.32179e+00  9.45697e+01
 2.45500e-01  3.01854e+00  8.32179e+00  9.45697e+01
 2.46500e-01  3.01854e+00  8.32179e+00  9.45697e+01
 2.47500e-01  3.01854e+00  8.32179e+00  9.45697e+01
 2.48500e-01  3.01854e+00  8.32179e+00  9.45697e+01
 2.49500e-01  3.01854e+00  8.32179e+00  9.45697e+01
 2.50500e-01  3.01854e+00  8.32179e+00  9.45697e+01
 2.51500e-01  3.01854e+00  8.32179e+00  9.45697e+01
 2.52500e-01  3.01854e+00  8.32179e+00  9.45697e+01
 2.53500e-01  3.01854e+00  8.32179e+00  9.45697e+01
 2.54500e-01  3.01854e+00  8.32179e+00  9.45697e+01
 2.55500e-01  3.01854e+00  8.32179e+00  9.45697e+01
 2.56500e-01  3.01854e+00  8.32179e+00  9.45697e+01
 2.57500e-01  3.01854e+00  8.32179e+00  9.45697e+01
 2.58500e-01  3.01854e+00  8.32179e+00  9.45697e+01
 2.59500e-01  3.01854e+00  8.32179e+00  9.45697e+01
 2.60500e-01  3.01854e+00  8.32179e+00  9.45697e+01
 2.61500e-01  3.01854e+00  8.32179e+00  9.45697e+01
 2.62500e-01  3.01854e+00  8.32179e+00  9.45697e+01
 2.63500e-01  3.01854e+00  8.32179e+00  9.45697e+01
 2.64500e-01  3.01854e+00  8.32179e+00  9.45697e+01
 2.65500e-01  3.01854e+00  8.32179e+00  9.45697e+01
 2.66500e-01  3.01854e+00  8.32179e+00  9.45697e+01
 2.67500e-01  3.01854e+00  8.32179e+00  9.45697e+01
 2.68500e-01  3.01854e+00  8.32179e+00  9.45697e+01
 2.69500e-01  3.01854e+00  8.32179e+00  9.45697e+01
 2.70500e-01  3.01854e+00  8.32179e+00  9.45697e+01
 2.71500e-01  3.01854e+00  8.32179e+00  9.45697e+01
 2.72500e-01  3.01854e+00  8.32179e+00  9.45697e+01
 2.73500e-01  3.01854e+00  8.32179e+00  9.45697e+01
 2.74500e-01  3.01854e+00  8.32179e+00  9.45697e+01
 2.75500e-01  3.01854e+00  8.32179e+00  9.45697e+01
 2.76500e-01  3.01854e+00  8.32179e+00  9.45697e+01
 2.77500e-01  3.01854e+00  8.32179e+00  9.45697e+01
 2.78500e-01  3.01854e+00  8.32179e+00  9.45697e+01
 2.79500e-01  3.01854e+00  8.32179e+00  9.45697e+01
 2.80500e-01  3.01854e+00  8.32179e+00  9.45697e+01
 2.81500e-01  3.01854e+00  8.32179e+00  9.45697e+01
 2.82500e-01  3.01854e+00  8.32179e+00  9.45697e+01
 2.83500e-01  3.01854e+00  8.32179e+00  9.45697e+01
 2.84500e-01  3.01854e+00  8.32179e+00  9.45697e+01
 2.85500e-01  3.01854e+00  8.32179e+00  9.45697e+01
 2.86500e-01  3.01854e+00  8.32179e+00  9.45697e+01
 2.87500e-01  3.01854e+00  8.32179e+00  9.45697e+01
 2.88500e-01  3.01854e+00  8.32179e+00  9.45697e+01
 2.89500e-01  3.01854e+00  8.32179e+00  9.45697e+01
 2.90500e-01  3.01854e+00  8.32179e+00  9.45697e+01
 2.91500e-01  3.01854e+00  8.32179e+00  9.45697e+01
 2.92500e-01  3.01854e+00  8.32179e+00  9.45697e+01
 2.93500e-01  3.01854e+00  8.32179e+00  9.45697e+01
 2.94500e-01  3.01854e+00  8.32179e+00  9.45697e+01
 2.95500e-01  3.01854e+00  8.32179e+00  9.45697e+01
 2.96500e-01  3.01854e+00  8.32179e+00  9.45697e+01
 2.97500e-01  3.01854e+00  8.32179e+00  9.45697e+01
 2.98500e-01  3.01854e+00  8.32179e+00  9.45697e+01
 2.99500e-01  3.01854e+00  8.32179e+00  9.45697e+01
 3.00500e-01  3.01854e+00  8.32179e+00  9.45697e+01
 3.01500e-01  3.01854e+00  8.32179e+00  9.45697e+01
 3.02500e-01  3.01854e+00  8.32179e+00  9.45697e+01
 3.03500e-01  3.01854e+00  8.32179e+00  9.45697e+01
 3.04500e-01  3.01854e+00  8.32179e+00  9.45697e+01
 3.05500e-01  3.01854e+00  8.32179e+00  9.45697e+01
 3.06500e-01  3.01854e+00  8.32179e+00  9.45697e+01
 3.07500e-01  3.01854e+00  8.32179e+00  9.45697e+01
 3.08500e-01  3.01854e+00  8.32179e+00  9.45697e+01
 3.09500e-01  3.01854e+00  8.32179e+00  9.45697e+01
 3.10500e-01  3.01854e+00  8.32179e+00  9.45697e+01
 3.11500e-01  3.01854e+00  8.32179e+00  9.45697e+01
 3.12500e-01  3.01854e+00  8.32179e+00  9.45697e+01
 3.13500e-01  3.01854e+00  8.32179e+00  9.45697e+01
 3.14500e-01  3.01854e+00  8.32179e+00  9.45697e+01
 3.15500e-01  3.01854e+00  8.32179e+00  9.45697e+01
 3.16500e-01  3.01854e+00  8.32179e+00  9.45697e+01
 3.17500e-01  3.01854e+00  8.32179e+00  9.45697e+01
 3.18500e-01  3.01854e+00  8.32179e+00  9.45697e+01
 3.19500e-01  3.01854e+00  8.32179e+00  9.45697e+01
 3.20500e-01  3.01854e+00  8.32179e+00  9.45697e+01
 3.21500e-01  3.01854e+00  8.32179e+00  9.45697e+01
 3.22500e-01  3.01854e+00  8.32179e+00  9.45697e+01
 3.23500e-01  3.01854e+00  8.32179e+00  9.45697e+01
 3.24500e-01  3.01854e+00  8.32179e+00  9.45697e+01
 3.25500e-01  3.01854e+00  8.32179e+00  9.45697e+01
 3.26500e-01  3.01854e+00  8.32179e+00  9.45697e+01
 3.27500e-01  3.01854e+00  8.32179e+00  9.45697e+01
 3.28500e-01  3.01854e+00  8.32179e+00  9.45697e+01
 3.29500e-01  3.01854e+00  8.32179e+00  9.45697e+01
 3.30500e-01  3.01854e+00  8.32179e+00  9.45697e+01
 3.31500e-01  3.01854e+00  8.32179e+00  9.45697e+01
 3.32500e-01  3.01854e+00  8.32179e+00  9.45697e+01
 3.33500e-01  3.84782e+00  8.32179e+00  9.45697e+01
 3.34500e-01  3.84782e+00  8.32179e+00  9.45697e+01
 3.35500e-01  3.84782e+00  8.32179e+00  9.45697e+01
 3.36500e-01  3.84782e+00  8.32179e+00  9.45697e+01
 3.37500e-01  3.84782e+00  8.32179e+00  9.45697e+01
 3.38500e-01  3.84782e+00  8.32179e+00  9.45697e+01
 3.39500e-01  3.84782e+00  8.32179e+00  9.45697e+01
 3.40500e-01  3.84782e+00  8.32179e+00  9.45697e+01
 3.41500e-01  3.84782e+00  8.32179e+00  9.45697e+01
 3.42500e-01  3.84782e+00  8.32179e+00  9.45697e+01
 3.43500e-01  3.84782e+00  8.32179e+00  9.45697e+01
 3.44500e-01  3.84782e+00  8.32179e+00  9.45697e+01
 3.45500e-01  3.84782e+00  8.32179e+00  9.45697e+01
 3.46500e-01  3.84782e+00  8.32179e+00  9.45697e+01
 3.47500e-01  3.84782e+00  8.32179e+00  9.45697e+01
 3.48500e-01  3.84782e+00  8.32179e+00  9.45697e+01
 3.49500e-01  3.84782e+00  8.32179e+00  9.45697e+01
 3.50500e-01  3.84782e+00  8.32179e+00  9.45697e+01
 3.51500e-01  3.84782e+00  8.32179e+00  9.45697e+01
 3.52500e-01  3.84782e+00  8.32179e+00  9.45697e+01
 3.53500e-01  3.84782e+00  8.32179e+00  9.45697e+01
 3.54500e-01  3.84782e+00  8.32179e+00  9.45697e+01
 3.55500e-01  3.84782e+00  8.32179e+00  9.45697e+01
 3.56500e-01  3.84782e+00  8.32179e+00  9.45697e+01
 3.57500e-01  3.84782e+00  8.32179e+00  9.45697e+01
 3.58500e-01  3.84782e+00  8.32179e+00  9.45697e+01
 3.59500e-01  3.84782e+00  8.32179e+00  9.45697e+01
 3.60500e-01  3.84782e+00  8.32179e+00  9.45697e+01
 3.61500e-01  3.84782e+00  8.32179e+00  9.45697e+01
 3.62500e-01  3.84782e+00  8.32179e+00  9.45697e+01
 3.63500e-01  3.84782e+00  8.32179e+00  9.45697e+01
 3.64500e-01  3.84782e+00  8.32179e+00  9.45697e+01
 3.65500e-01  3.84782e+00  8.32179e+00  9.45697e+01
 3.66500e-01  3.84782e+00  8.32179e+00  9.45697e+01
 3.67500e-01  3.84782e+00  8.32179e+00  9.45697e+01
 3.68500e-01  3.84782e+00  8.32179e+00  9.45697e+01
 3.69500e-01  3.84782e+00  8.32179e+00  9.45697e+01
 3.70500e-01  3.84782e+00  8.32179e+00  9.45697e+01
 3.71500e-01  3.84782e+00  8.32179e+00  9.45697e+01
 3.72500e-01  3.84782e+00  8.32179e+00  9.45697e+01
 3.73500e-01  3.84782e+00  8.32179e+00  9.45697e+01
 3.74500e-01  3.84782e+00  8.32179e+00  9.45697e+01
 3.75500e-01  3.84782e+00  8.32179e+00  9.45697e+01
 3.76500e-01  3.84782e+00  8.32179e+00  9.45697e+01
 3.77500e-01  3.84782e+00  8.32179e+00  9.45697e+01
 3.78500e-01  3.84782e+00  8.32179e+00  9.45697e+01
 3.79500e-01  3.84782e+00  8.32179e+00  9.45697e+01
 3.80500e-01  3.84782e+00  8.32179e+00  9.45697e+01
 3.81500e-01  3.84782e+00  8.32179e+00  9.45697e+01
 3.82500e-01  3.84782e+00  8.32179e+00  9.45697e+01
 3.83500e-01  3.84782e+00  8.32179e+00  9.45697e+01
 3.84500e-01  3.84782e+00  8.32179e+00  9.45697e+01
 3.85500e-01  3.84782e+00  8.32179e+00  9.45697e+01
 3.86500e-01  3.84782e+00  8.32179e+00  9.45697e+01
 3.87500e-01  3.84782e+00  8.32179e+00  9.45697e+01
 3.88500e-01  3.84782e+00  8.32179e+00  9.45697e+01
 3.89500e-01  3.84782e+00  8.32179e+00  9.45697e+01
 3.90500e-01  3.84782e+00  8.32179e+00  9.45697e+01
 3.91500e-01  3.84782e+00  8.32179e+00  9.45697e+01
 3.92500e-01  3.84782e+00  8.32179e+00  9.45697e+01
 3.93500e-01  3.84782e+00  8.32179e+00  9.45697e+01
 3.94500e-01  3.84782e+00  8.32179e+00  9.45697e+01
 3.95500e-01  3.84782e+00  8.32179e+00  9.45697e+01
 3.96500e-01  3.84782e+00  8.32179e+00  9.45697e+01
 3.97500e-01  3.84782e+00  8.32179e+00  9.45697e+01
 3.98500e-01  3.84782e+00  8.32179e+00  9.45697e+01
 3.99500e-01  3.84782e+00  8.32179e+00  9.45697e+01
 4.00500e-01  3.84782e+00  8.32179e+00  9.45697e+01
 4.01500e-01  3.84782e+00  8.32179e+00  9.45697e+01
 4.02500e-01  3.84782e+00  8.32179e+00  9.45697e+01
 4.03500e-01  3.84782e+00  8.32179e+00  9.45697e+01
 4.04500e-01  3.84782e+00  8.32179e+00  9.45697e+01
 4.05500e-01  3.84782e+00  8.32179e+00  9.45697e+01
 4.06500e-01  3.84782e+00  8.32179e+00  9.45697e+01
 4.07500e-01  3.84782e+00  8.32179e+00  9.45697e+01
 4.08500e-01  3.84782e+00  8.32179e+00  9.45697e+01
 4.09500e-01  3.84782e+00  8.32179e+00  9.45697e+01
 4.10500e-01  3.84782e+00  8.32179e+00  9.45697e+01
 4.11500e-01  3.84782e+00  8.32179e+00  9.45697e+01
 4.12500e-01  3.84782e+00  8.32179e+00  9.45697e+01
 4.13500e-01  3.84782e+00  8.32179e+00  9.45697e+01
 4.14500e-01  3.84782e+00  8.32179e+00  9.45697e+01
 4.15500e-01  3.84782e+00  8.32179e+00  9.45697e+01
 4.16500e-01  3.84782e+00  8.32179e+00  9.45697e+01
 4.17500e-01  3.84782e+00  8.32179e+00  9.45697e+01
 4.18500e-01  3.84782e+00  8.32179e+00  9.45697e+01
 4.19500e-01  3.84782e+00  8.32179e+00  9.45697e+01
 4.20500e-01  3.84782e+00  8.32179e+00  9.45697e+01
 4.21500e-01  3.84782e+00  8.32179e+00  9.45697e+01
 4.22500e-01  3.84782e+00  8.32179e+00  9.45697e+01
 4.23500e-01  3.84782e+00  8.32179e+00  9.45697e+01
 4.24500e-01  3.84782e+00  8.32179e+00  9.45697e+01
 4.25500e-01  3.84782e+00  8.32179e+00  9.45697e+01
 4.26500e-01  3.84782e+00  8.32179e+00  9.45697e+01
 4.27500e-01  3.84782e+00  8.32179e+00  9.45697e+01
 4.28500e-01  3.84782e+00  8.32179e+00  9.45697e+01
 4.29500e-01  3.84782e+00  8.32179e+00  9.45697e+01
 4.30500e-01  3.84782e+00  8.32179e+00  9.45697e+01
 4.31500e-01  3.84782e+00  8.32179e+00  9.45697e+01
 4.32500e-01  3.84782e+00  8.32179e+00  9.45697e+01
 4.33500e-01  3.84782e+00  8.32179e+00  9.45697e+01
 4.34500e-01  3.84782e+00  8.32179e+00  9.45697e+01
 4.35500e-01  3.84782e+00  8.32179e+00  9.45697e+01
 4.36500e-01  3.84782e+00  8.32179e+00  9.45697e+01
 4.37500e-01  3.84782e+00  8.32179e+00  9.45697e+01
 4.38500e-01  3.84782e+00  8.32179e+00  9.45697e+01
 4.39500e-01  3.84782e+00  8.32179e+00  9.45697e+01
 4.40500e-01  3.84782e+00  8.32179e+00  9.45697e+01
 4.41500e-01  3.84782e+00  8.32179e+00  9.45697e+01
 4.42500e-01  3.84782e+00  8.32179e+00  9.45697e+01
 4.43500e-01  3.84782e+00  8.32179e+00  9.45697e+01
 4.44500e-01  3.84782e+00  8.32179e+00  9.45697e+01
 4.45500e-01  3.84782e+00  8.32179e+00  9.45697e+01
 4.46500e-01  3.84782e+00  8.32179e+00  9.45697e+01
 4.47500e-01  3.84782e+00  8.32179e+00  9.45697e+01
 4.48500e-01  3.84782e+00  8.32179e+00  9.45697e+01
 4.49500e-01  3.84782e+00  8.32179e+00  9.45697e+01
 4.50500e-01  1.00000e+00  0.00000e+00  1.00000e+00
 4.51500e-01  1.00000e+00  0.00000e+00  1.00000e+00
 4.52500e-01  1.00000e+00  0.00000e+00  1.00000e+00
 4.53500e-01  1.00000e+00  0.00000e+00  1.00000e+00
 4.54500e-01  1.00000e+00  0.00000e+00  1.00000e+00
 4.55500e-01  1.00000e+00  0.00000e+00  1.00000e+00
 4.56500e-01  1.00000e+00  0.00000e+00  1.00000e+00
 4.57500e-01  1.00000e+00  0.00000e+00  1.00000e+00
 4.58500e-01  1.00000e+00  0.00000e+00  1.00000e+00
 4.59500e-01  1.00000e+00  0.00000e+00  1.00000e+00
 4.60500e-01  1.00000e+00  0.00000e+00  1.00000e+00
 4.61500e-01  1.00000e+00  0.00000e+00  1.00000e+00
 4.62500e-01  1.00000e+00  0.00000e+00  1.00000e+00
 4.63500e-01  1.00000e+00  0.00000e+00  1.00000e+00
 4.64500e-01  1.00000e+00  0.00000e+00  1.00000e+00
 4.65500e-01  1.00000e+00  0.00000e+00  1.00000e+00
 4.66500e-01  1.00000e+00  0.00000e+00  1.00000e+00
 4.67500e-01  1.00000e+00  0.00000e+00  1.00000e+00
 4.68500e-01  1.00000e+00  0.00000e+00  1.00000e+00
 4.69500e-01  1.00000e+00  0.00000e+00  1.00000e+00
 4.70500e-01  1.00000e+00  0.00000e+00  1.00000e+00
 4.71500e-01  1.00000e+00  0.00000e+00  1.00000e+00
 4.72500e-01  1.00000e+00  0.00000e+00  1.00000e+00
 4.73500e-01  1.00000e+00  0.00000e+00  1.00000e+00
 4.74500e-01  1.00000e+00  0.00000e+00  1.00000e+00
 4.75500e-01  1.00000e+00  0.00000e+00  1.00000e+00
 4.76500e-01  1.00000e+00  0.00000e+00  1.00000e+00
 4.77500e-01  1.00000e+00  0.00000e+00  1.00000e+00
 4.78500e-01  1.00000e+00  0.00000e+00  1.00000e+00
 4.79500e-01  1.00000e+00  0.00000e+00  1.00000e+00
 4.80500e-01  1.00000e+00  0.00000e+00  1.00000e+00
 4.81500e-01  1.00000e+00  0.00000e+00  1.00000e+00
 4.82500e-01  1.00000e+00  0.00000e+00  1.00000e+00
 4.83500e-01  1.00000e+00  0.00000e+00  1.00000e+00
 4.84500e-01  1.00000e+00  0.00000e+00  1.00000e+00
 4.85500e-01  1.00000e+00  0.00000e+00  1.00000e+00
 4.86500e-01  1.00000e+00  0.00000e+00  1.00000e+00
 4.87500e-01  1.00000e+00  0.00000e+00  1.00000e+00
 4.88500e-01  1.00000e+00  0.00000e+00  1.00000e+00
 4.89500e-01  1.00000e+00  0.00000e+00  1.00000e+00
 4.90500e-01  1.00000e+00  0.00000e+00  1.00000e+00
 4.91500e-01  1.00000e+00  0.00000e+00  1.00000e+00
 4.92500e-01  1.00000e+00  0.00000e+00  1.00000e+00
 4.93500e-01  1.00000e+00  0.00000e+00  1.00000e+00
 4.94500e-01  1.00000e+00  0.00000e+00  1.00000e+00
 4.95500e-01  1.00000e+00  0.00000e+00  1.00000e+00
 4.96500e-01  1.00000e+00  0.00000e+00  1.00000e+00
 4.97500e-01  1.00000e+00  0.00000e+00  1.00000e+00
 4.98500e-01  1.00000e+00  0.00000e+00  1.00000e+00
 4.99500e-01  1.00000e+00  0.00000e+00  1.00000e+00
