           x          rho            u            p
-4.99500e-01  1.00000e+00 -1.95974e+01  1.00000e+03
-4.98500e-01  1.00000e+00 -1.95974e+01  1.00000e+03
-4.97500e-01  1.00000e+00 -1.95974e+01  1.00000e+03
-4.96500e-01  1.00000e+00 -1.95974e+01  1.00000e+03
-4.95500e-01  1.00000e+00 -1.95974e+01  1.00000e+03
-4.94500e-01  1.00000e+00 -1.95974e+01  1.00000e+03
-4.93500e-01  1.00000e+00 -1.95974e+01  1.00000e+03
-4.92500e-01  1.00000e+00 -1.95974e+01  1.00000e+03
-4.91500e-01  1.00000e+00 -1.95974e+01  1.00000e+03
-4.90500e-01  1.00000e+00 -1.95974e+01  1.00000e+03
-4.89500e-01  1.00000e+00 -1.95974e+01  1.00000e+03
-4.88500e-01  1.00000e+00 -1.95974e+01  1.00000e+03
-4.87500e-01  1.00000e+00 -1.95974e+01  1.00000e+03
-4.86500e-01  1.00000e+00 -1.95974e+01  1.00000e+03
-4.85500e-01  1.00000e+00 -1.95974e+01  1.00000e+03
-4.84500e-01  1.00000e+00 -1.95974e+01  1.00000e+03
-4.83500e-01  1.00000e+00 -1.95974e+01  1.00000e+03
-4.82500e-01  1.00000e+00 -1.95974e+01  1.00000e+03
-4.81500e-01  1.00000e+00 -1.95974e+01  1.00000e+03
-4.80500e-01  1.00000e+00 -1.95974e+01  1.00000e+03
-4.79500e-01  1.00000e+00 -1.95974e+01  1.00000e+03
-4.78500e-01  1.00000e+00 -1.95974e+01  1.00000e+03
-4.77500e-01  1.00000e+00 -1.95974e+01  1.00000e+03
-4.76500e-01  1.00000e+00 -1.95974e+01  1.00000e+03
-4.75500e-01  1.00000e+00 -1.95974e+01  1.00000e+03
-4.74500e-01  1.00000e+00 -1.95974e+01  1.00000e+03
-4.73500e-01  1.00000e+00 -1.95974e+01  1.00000e+03
-4.72500e-01  1.00000e+00 -1.95974e+01  1.00000e+03
-4.71500e-01  1.00000e+00 -1.95974e+01  1.00000e+03
-4.70500e-01  1.00000e+00 -1.95974e+01  1.00000e+03
-4.69500e-01  1.00000e+00 -1.95974e+01  1.00000e+03
-4.68500e-01  1.00000e+00 -1.95974e+01  1.00000e+03
-4.67500e-01  1.00000e+00 -1.95974e+01  1.00000e+03
-4.66500e-01  1.00000e+00 -1.95974e+01  1.00000e+03
-4.65500e-01  1.00000e+00 -1.95974e+01  1.00000e+03
-4.64500e-01  1.00000e+00 -1.95974e+01  1.00000e+03
-4.63500e-01  1.00000e+00 -1.95974e+01  1.00000e+03
-4.62500e-01  1.00000e+00 -1.95974e+01  1.00000e+03
-4.61500e-01  1.00000e+00 -1.95974e+01  1.00000e+03
-4.60500e-01  1.00000e+00 -1.95974e+01  1.00000e+03
-4.59500e-01  1.00000e+00 -1.95974e+01  1.00000e+03
-4.58500e-01  1.00000e+00 -1.95974e+01  1.00000e+03
-4.57500e-01  1.00000e+00 -1.95974e+01  1.00000e+03
-4.56500e-01  1.00000e+00 -1.95974e+01  1.00000e+03
-4.55500e-01  1.00000e+00 -1.95974e+01  1.00000e+03
-4.54500e-01  1.00000e+00 -1.95974e+01  1.00000e+03
-4.53500e-01  1.00000e+00 -1.95974e+01  1.00000e+03
-4.52500e-01  1.00000e+00 -1.95974e+01  1.00000e+03
-4.51500e-01  1.00000e+00 -1.95974e+01  1.00000e+03
-4.50500e-01  1.00000e+00 -1.95974e+01  1.00000e+03
-4.49500e-01  1.00000e+00 -1.95974e+01  1.00000e+03
-4.48500e-01  1.00000e+00 -1.95974e+01  1.00000e+03
-4.47500e-01  1.00000e+00 -1.95974e+01  1.00000e+03
-4.46500e-01  1.00000e+00 -1.95974e+01  1.00000e+03
-4.45500e-01  1.00000e+00 -1.95974e+01  1.00000e+03
-4.44500e-01  1.00000e+00 -1.95974e+01  1.00000e+03
-4.43500e-01  1.00000e+00 -1.95974e+01  1.00000e+03
-4.42500e-01  1.00000e+00 -1.95974e+01  1.00000e+03
-4.41500e-01  1.00000e+00 -1.95974e+01  1.00000e+03
-4.40500e-01  1.00000e+00 -1.95974e+01  1.00000e+03
-4.39500e-01  1.00000e+00 -1.95974e+01  1.00000e+03
-4.38500e-01  1.00000e+00 -1.95974e+01  1.00000e+03
-4.37500e-01  1.00000e+00 -1.95974e+01  1.00000e+03
-4.36500e-01  1.00000e+00 -1.95974e+01  1.00000e+03
-4.35500e-01  1.00000e+00 -1.95974e+01  1.00000e+03
-4.34500e-01  1.00000e+00 -1.95974e+01  1.00000e+03
-4.33500e-01  1.00000e+00 -1.95974e+01  1.00000e+03
-4.32500e-01  1.00000e+00 -1.95974e+01  1.00000e+03
-4.31500e-01  1.00000e+00 -1.95974e+01  1.00000e+03
-4.30500e-01  1.00000e+00 -1.95974e+01  1.00000e+03
-4.29500e-01  1.00000e+00 -1.95974e+01  1.00000e+03
-4.28500e-01  1.00000e+00 -1.95974e+01  1.00000e+03
-4.27500e-01  1.00000e+00 -1.95974e+01  1.00000e+03
-4.26500e-01  1.00000e+00 -1.95974e+01  1.00000e+03
-4.25500e-01  1.00000e+00 -1.95974e+01  1.00000e+03
-4.24500e-01  1.00000e+00 -1.95974e+01  1.00000e+03
-4.23500e-01  1.00000e+00 -1.95974e+01  1.00000e+03
-4.22500e-01  1.00000e+00 -1.95974e+01  1.00000e+03
-4.21500e-01  1.00000e+00 -1.95974e+01  1.00000e+03
-4.20500e-01  1.00000e+00 -1.95974e+01  1.00000e+03
-4.19500e-01  1.00000e+00 -1.95974e+01  1.00000e+03
-4.18500e-01  1.00000e+00 -1.95974e+01  1.00000e+03
-4.17500e-01  1.00000e+00 -1.95974e+01  1.00000e+03
-4.16500e-01  1.00000e+00 -1.95974e+01  1.00000e+03
-4.15500e-01  1.00000e+00 -1.95974e+01  1.00000e+03
-4.14500e-01  1.00000e+00 -1.95974e+01  1.00000e+03
-4.13500e-01  1.00000e+00 -1.95974e+01  1.00000e+03
-4.12500e-01  1.00000e+00 -1.95974e+01  1.00000e+03
-4.11500e-01  1.00000e+00 -1.95974e+01  1.00000e+03
-4.10500e-01  1.00000e+00 -1.95974e+01  1.00000e+03
-4.09500e-01  1.00000e+00 -1.95974e+01  1.00000e+03
-4.08500e-01  1.00000e+00 -1.95974e+01  1.00000e+03
-4.07500e-01  1.00000e+00 -1.95974e+01  1.00000e+03
-4.06500e-01  1.00000e+00 -1.95974e+01  1.00000e+03
-4.05500e-01  1.00000e+00 -1.95974e+01  1.00000e+03
-4.04500e-01  1.00000e+00 -1.95974e+01  1.00000e+03
-4.03500e-01  1.00000e+00 -1.95974e+01  1.00000e+03
-4.02500e-01  1.00000e+00 -1.95974e+01  1.00000e+03
-4.01500e-01  1.00000e+00 -1.95974e+01  1.00000e+03
-4.00500e-01  1.00000e+00 -1.95974e+01  1.00000e+03
-3.99500e-01  1.00000e+00 -1.95974e+01  1.00000e+03
-3.98500e-01  1.00000e+00 -1.95974e+01  1.00000e+03
-3.97500e-01  1.00000e+00 -1.95974e+01  1.00000e+03
-3.96500e-01  1.00000e+00 -1.95974e+01  1.00000e+03
-3.95500e-01  1.00000e+00 -1.95974e+01  1.00000e+03
-3.94500e-01  1.00000e+00 -1.95974e+01  1.00000e+03
-3.93500e-01  1.00000e+00 -1.95974e+01  1.00000e+03
-3.92500e-01  1.00000e+00 -1.95974e+01  1.00000e+03
-3.91500e-01  1.00000e+00 -1.95974e+01  1.00000e+03
-3.90500e-01  1.00000e+00 -1.95974e+01  1.00000e+03
-3.89500e-01  1.00000e+00 -1.95974e+01  1.00000e+03
-3.88500e-01  1.00000e+00 -1.95974e+01  1.00000e+03
-3.87500e-01  1.00000e+00 -1.95974e+01  1.00000e+03
-3.86500e-01  1.00000e+00 -1.95974e+01  1.00000e+03
-3.85500e-01  1.00000e+00 -1.95974e+01  1.00000e+03
-3.84500e-01  1.00000e+00 -1.95974e+01  1.00000e+03
-3.83500e-01  9.98760e-01 -1.95510e+01  9.98265e+02
-3.82500e-01  9.96908e-01 -1.94816e+01  9.95673e+02
-3.81500e-01  9.95058e-01 -1.94122e+01  9.93087e+02
-3.80500e-01  9.93210e-01 -1.93427e+01  9.90507e+02
-3.79500e-01  9.91366e-01 -1.92733e+01  9.87933e+02
-3.78500e-01  9.89524e-01 -1.92038e+01  9.85364e+02
-3.77500e-01  9.87685e-01 -1.91344e+01  9.82801e+02
-3.76500e-01  9.85849e-01 -1.90649e+01  9.80244e+02
-3.75500e-01  9.84015e-01 -1.89955e+01  9.77693e+02
-3.74500e-01  9.82184e-01 -1.89260e+01  9.75147e+02
-3.73500e-01  9.80356e-01 -1.88566e+01  9.72607e+02
-3.72500e-01  9.78531e-01 -1.87872e+01  9.70073e+02
-3.71500e-01  9.76708e-01 -1.87177e+01  9.67544e+02
-3.70500e-01  9.74888e-01 -1.86483e+01  9.65021e+02
-3.69500e-01  9.73071e-01 -1.85788e+01  9.62503e+02
-3.68500e-01  9.71256e-01 -1.85094e+01  9.59991e+02
-3.67500e-01  9.69444e-01 -1.84399e+01  9.57485e+02
-3.66500e-01  9.67635e-01 -1.83705e+01  9.54985e+02
-3.65500e-01  9.65829e-01 -1.83010e+01  9.52490e+02
-3.64500e-01  9.64025e-01 -1.82316e+01  9.50000e+02
-3.63500e-01  9.62224e-01 -1.81622e+01  9.47516e+02
-3.62500e-01  9.60426e-01 -1.80927e+01  9.45038e+02
-3.61500e-01  9.58630e-01 -1.80233e+01  9.42565e+02
-3.60500e-01  9.56837e-01 -1.79538e+01  9.40098e+02
-3.59500e-01  9.55047e-01 -1.78844e+01  9.37637e+02
-3.58500e-01  9.53259e-01 -1.78149e+01  9.35181e+02
-3.57500e-01  9.51474e-01 -1.77455e+01  9.32730e+02
-3.56500e-01  9.49692e-01 -1.76760e+01  9.30285e+02
-3.55500e-01  9.47913e-01 -1.76066e+01  9.27845e+02
-3.54500e-01  9.46136e-01 -1.75372e+01  9.25411e+02
-3.53500e-01  9.44362e-01 -1.74677e+01  9.22983e+02
-3.52500e-01  9.42590e-01 -1.73983e+01  9.20560e+02
-3.51500e-01  9.40821e-01 -1.73288e+01  9.18142e+02
-3.50500e-01  9.39055e-01 -1.72594e+01  9.15730e+02
-3.49500e-01  9.37291e-01 -1.71899e+01  9.13323e+02
-3.48500e-01  9.35530e-01 -1.71205e+01  9.10922e+02
-3.47500e-01  9.33772e-01 -1.70510e+01  9.08526e+02
-3.46500e-01  9.32016e-01 -1.69816e+01  9.06135e+02
-3.45500e-01  9.30263e-01 -1.69122e+01  9.03750e+02
-3.44500e-01  9.28513e-01 -1.68427e+01  9.01370e+02
-3.43500e-01  9.26765e-01 -1.67733e+01  8.98996e+02
-3.42500e-01  9.25020e-01 -1.67038e+01  8.96627e+02
-3.41500e-01  9.23278e-01 -1.66344e+01  8.94263e+02
-3.40500e-01  9.21538e-01 -1.65649e+01  8.91905e+02
-3.39500e-01  9.19801e-01 -1.64955e+01  8.89552e+02
-3.38500e-01  9.18066e-01 -1.64260e+01  8.87204e+02
-3.37500e-01  9.16334e-01 -1.63566e+01  8.84861e+02
-3.36500e-01  9.14605e-01 -1.62872e+01  8.82524e+02
-3.35500e-01  9.12878e-01 -1.62177e+01  8.80193e+02
-3.34500e-01  9.11154e-01 -1.61483e+01  8.77866e+02
-3.33500e-01  9.09432e-01 -1.60788e+01  8.75545e+02
-3.32500e-01  9.07713e-01 -1.60094e+01  8.73229e+02
-3.31500e-01  9.05997e-01 -1.59399e+01  8.70918e+02
-3.30500e-01  9.04283e-01 -1.58705e+01  8.68613e+02
-3.29500e-01  9.02572e-01 -1.58010e+01  8.66312e+02
-3.28500e-01  9.00863e-01 -1.57316e+01  8.64017e+02
-3.27500e-01  8.99157e-01 -1.56622e+01  8.61728e+02
-3.26500e-01  8.97454e-01 -1.55927e+01  8.59443e+02
-3.25500e-01  8.95753e-01 -1.55233e+01  8.57164e+02
-3.24500e-01  8.94055e-01 -1.54538e+01  8.54889e+02
-3.23500e-01  8.92359e-01 -1.53844e+01  8.52620e+02
-3.22500e-01  8.90666e-01 -1.53149e+01  8.50356e+02
-3.21500e-01  8.88976e-01 -1.52455e+01  8.48098e+02
-3.20500e-01  8.87288e-01 -1.51760e+01  8.45844e+02
-3.19500e-01  8.85602e-01 -1.51066e+01  8.43596e+02
-3.18500e-01  8.83920e-01 -1.50372e+01  8.41352e+02
-3.17500e-01  8.82239e-01 -1.49677e+01  8.39114e+02
-3.16500e-01  8.80562e-01 -1.48983e+01  8.36881e+02
-3.15500e-01  8.78887e-01 -1.48288e+01  8.34653e+02
-3.14500e-01  8.77214e-01 -1.47594e+01  8.32430e+02
-3.13500e-01  8.75544e-01 -1.46899e+01  8.30212e+02
-3.12500e-01  8.73876e-01 -1.46205e+01  8.27999e+02
-3.11500e-01  8.72211e-01 -1.45510e+01  8.25792e+02
-3.10500e-01  8.70549e-01 -1.44816e+01  8.23589e+02
-3.09500e-01  8.68889e-01 -1.44122e+01  8.21391e+02
-3.08500e-01  8.67232e-01 -1.43427e+01  8.19199e+02
-3.07500e-01  8.65577e-01 -1.42733e+01  8.17011e+02
-3.06500e-01  8.63925e-01 -1.42038e+01  8.14829e+02
-3.05500e-01  8.62275e-01 -1.41344e+01  8.12651e+02
-3.04500e-01  8.60628e-01 -1.40649e+01  8.10478e+02
-3.03500e-01  8.58983e-01 -1.39955e+01  8.08311e+02
-3.02500e-01  8.57341e-01 -1.39260e+01  8.06148e+02
-3.01500e-01  8.55701e-01 -1.38566e+01  8.03991e+02
-3.00500e-01  8.54064e-01 -1.37872e+01  8.01838e+02
-2.99500e-01  8.52429e-01 -1.37177e+01  7.99690e+02
-2.98500e-01  8.50797e-01 -1.36483e+01  7.97547e+02
-2.97500e-01  8.49167e-01 -1.35788e+01  7.95409e+02
-2.96500e-01  8.47540e-01 -1.35094e+01  7.93276e+02
-2.95500e-01  8.45916e-01 -1.34399e+01  7.91148e+02
-2.94500e-01  8.44293e-01 -1.33705e+01  7.89025e+02
-2.93500e-01  8.42674e-01 -1.33010e+01  7.86907e+02
-2.92500e-01  8.41056e-01 -1.32316e+01  7.84793e+02
-2.91500e-01  8.39442e-01 -1.31622e+01  7.82685e+02
-2.90500e-01  8.37829e-01 -1.30927e+01  7.80581e+02
-2.89500e-01  8.36220e-01 -1.30233e+01  7.78482e+02
-2.88500e-01  8.34612e-01 -1.29538e+01  7.76388e+02
-2.87500e-01  8.33008e-01 -1.28844e+01  7.74299e+02
-2.86500e-01  8.31405e-01 -1.28149e+01  7.72214e+02
-2.85500e-01  8.29805e-01 -1.27455e+01  7.70135e+02
-2.84500e-01  8.28208e-01 -1.26760e+01  7.68060e+02
-2.83500e-01  8.26613e-01 -1.26066e+01  7.65990e+02
-2.82500e-01  8.25020e-01 -1.25372e+01  7.63925e+02
-2.81500e-01  8.23430e-01 -1.24677e+01  7.61864e+02
-2.80500e-01  8.21843e-01 -1.23983e+01  7.59809e+02
-2.79500e-01  8.20258e-01 -1.23288e+01  7.57758e+02
-2.78500e-01  8.18675e-01 -1.22594e+01  7.55712e+02
-2.77500e-01  8.17095e-01 -1.21899e+01  7.53670e+02
-2.76500e-01  8.15517e-01 -1.21205e+01  7.51633e+02
-2.75500e-01  8.13941e-01 -1.20510e+01  7.49602e+02
-2.74500e-01  8.12369e-01 -1.19816e+01  7.47574e+02
-2.73500e-01  8.10798e-01 -1.19122e+01  7.45552e+02
-2.72500e-01  8.09230e-01 -1.18427e+01  7.43534e+02
-2.71500e-01  8.07664e-01 -1.17733e+01  7.41521e+02
-2.70500e-01  8.06101e-01 -1.17038e+01  7.39512e+02
-2.69500e-01  8.04540e-01 -1.16344e+01  7.37508e+02
-2.68500e-01  8.02982e-01 -1.15649e+01  7.35509e+02
-2.67500e-01  8.01426e-01 -1.14955e+01  7.33515e+02
-2.66500e-01  7.99872e-01 -1.14260e+01  7.31525e+02
-2.65500e-01  7.98321e-01 -1.13566e+01  7.29539e+02
-2.64500e-01  7.96772e-01 -1.12872e+01  7.27559e+02
-2.63500e-01  7.95226e-01 -1.12177e+01  7.25583e+02
-2.62500e-01  7.93682e-01 -1.11483e+01  7.23611e+02
-2.61500e-01  7.92141e-01 -1.10788e+01  7.21644e+02
-2.60500e-01  7.90602e-01 -1.10094e+01  7.19682e+02
-2.59500e-01  7.89065e-01 -1.09399e+01  7.17724e+02
-2.58500e-01  7.87530e-01 -1.08705e+01  7.15771e+02
-2.57500e-01  7.85998e-01 -1.08010e+01  7.13823e+02
-2.56500e-01  7.84469e-01 -1.07316e+01  7.11879e+02
-2.55500e-01  7.82942e-01 -1.06622e+01  7.09939e+02
-2.54500e-01  7.81417e-01 -1.05927e+01  7.08004e+02
-2.53500e-01  7.79894e-01 -1.05233e+01  7.06074e+02
-2.52500e-01  7.78374e-01 -1.04538e+01  7.04148e+02
-2.51500e-01  7.76857e-01 -1.03844e+01  7.02227e+02
-2.50500e-01  7.75341e-01 -1.03149e+01  7.00310e+02
-2.49500e-01  7.73828e-01 -1.02455e+01  6.98397e+02
-2.48500e-01  7.72318e-01 -1.01760e+01  6.96489e+02
-2.47500e-01  7.70810e-01 -1.01066e+01  6.94586e+02
-2.46500e-01  7.69304e-01 -1.00372e+01  6.92687e+02
-2.45500e-01  7.67800e-01 -9.96771e+00  6.90792e+02
-2.44500e-01  7.66299e-01 -9.89826e+00  6.88902e+02
-2.43500e-01  7.64800e-01 -9.82882e+00  6.87016e+02
-2.42500e-01  7.63304e-01 -9.75937e+00  6.85135e+02
-2.41500e-01  7.61809e-01 -9.68993e+00  6.83258e+02
-2.40500e-01  7.60318e-01 -9.62049e+00  6.81386e+02
-2.39500e-01  7.58828e-01 -9.55104e+00  6.79518e+02
-2.38500e-01  7.57341e-01 -9.48160e+00  6.77654e+02
-2.37500e-01  7.55856e-01 -9.41215e+00  6.75795e+02
-2.36500e-01  7.54374e-01 -9.34271e+00  6.73940e+02
-2.35500e-01  7.52894e-01 -9.27326e+00  6.72090e+02
-2.34500e-01  7.51416e-01 -9.20382e+00  6.70243e+02
-2.33500e-01  7.49940e-01 -9.13437e+00  6.68402e+02
-2.32500e-01  7.48467e-01 -9.06493e+00  6.66564e+02
-2.31500e-01  7.46996e-01 -8.99549e+00  6.64731e+02
-2.30500e-01  7.45528e-01 -8.92604e+00  6.62902e+02
-2.29500e-01  7.44062e-01 -8.85660e+00  6.61078e+02
-2.28500e-01  7.42598e-01 -8.78715e+00  6.59257e+02
-2.27500e-01  7.41136e-01 -8.71771e+00  6.57442e+02
-2.26500e-01  7.39677e-01 -8.64826e+00  6.55630e+02
-2.25500e-01  7.38220e-01 -8.57882e+00  6.53823e+02
-2.24500e-01  7.36765e-01 -8.50937e+00  6.52020e+02
-2.23500e-01  7.35313e-01 -8.43993e+00  6.50221e+02
-2.22500e-01  7.33862e-01 -8.37049e+00  6.48426e+02
-2.21500e-01  7.32415e-01 -8.30104e+00  6.46636e+02
-2.20500e-01  7.30969e-01 -8.23160e+00  6.44850e+02
-2.19500e-01  7.29526e-01 -8.16215e+00  6.43068e+02
-2.18500e-01  7.28085e-01 -8.09271e+00  6.41290e+02
-2.17500e-01  7.26646e-01 -8.02326e+00  6.39517e+02
-2.16500e-01  7.25210e-01 -7.95382e+00  6.37748e+02
-2.15500e-01  7.23775e-01 -7.88437e+00  6.35983e+02
-2.14500e-01  7.22344e-01 -7.81493e+00  6.34222e+02
-2.13500e-01  7.20914e-01 -7.74549e+00  6.32465e+02
-2.12500e-01  7.19487e-01 -7.67604e+00  6.30713e+02
-2.11500e-01  7.18061e-01 -7.60660e+00  6.28965e+02
-2.10500e-01  7.16639e-01 -7.53715e+00  6.27221e+02
-2.09500e-01  7.15218e-01 -7.46771e+00  6.25481e+02
-2.08500e-01  7.13800e-01 -7.39826e+00  6.23745e+02
-2.07500e-01  7.12384e-01 -7.32882e+00  6.22013e+02
-2.06500e-01  7.10970e-01 -7.25937e+00  6.20285e+02
-2.05500e-01  7.09558e-01 -7.18993e+00  6.18562e+02
-2.04500e-01  7.08149e-01 -7.12049e+00  6.16843e+02
-2.03500e-01  7.06742e-01 -7.05104e+00  6.15127e+02
-2.02500e-01  7.05337e-01 -6.98160e+00  6.13416e+02
-2.01500e-01  7.03934e-01 -6.91215e+00  6.11709e+02
-2.00500e-01  7.02534e-01 -6.84271e+00  6.10006e+02
-1.99500e-01  7.01136e-01 -6.77326e+00  6.08307e+02
-1.98500e-01  6.99740e-01 -6.70382e+00  6.06612e+02
-1.97500e-01  6.98346e-01 -6.63437e+00  6.04921e+02
-1.96500e-01  6.96954e-01 -6.56493e+00  6.03234e+02
-1.95500e-01  6.95565e-01 -6.49549e+00  6.01552e+02
-1.94500e-01  6.94178e-01 -6.42604e+00  5.99873e+02
-1.93500e-01  6.92793e-01 -6.35660e+00  5.98198e+02
-1.92500e-01  6.91411e-01 -6.28715e+00  5.96527e+02
-1.91500e-01  6.90030e-01 -6.21771e+00  5.94861e+02
-1.90500e-01  6.88652e-01 -6.14826e+00  5.93198e+02
-1.89500e-01  6.87276e-01 -6.07882e+00  5.91539e+02
-1.88500e-01  6.85902e-01 -6.00937e+00  5.89884e+02
-1.87500e-01  6.84530e-01 -5.93993e+00  5.88234e+02
-1.86500e-01  6.83161e-01 -5.87049e+00  5.86587e+02
-1.85500e-01  6.81794e-01 -5.80104e+00  5.84944e+02
-1.84500e-01  6.80429e-01 -5.73160e+00  5.83305e+02
-1.83500e-01  6.79066e-01 -5.66215e+00  5.81670e+02
-1.82500e-01  6.77705e-01 -5.59271e+00  5.80039e+02
-1.81500e-01  6.76347e-01 -5.52326e+00  5.78412e+02
-1.80500e-01  6.74990e-01 -5.45382e+00  5.76789e+02
-1.79500e-01  6.73636e-01 -5.38437e+00  5.75169e+02
-1.78500e-01  6.72284e-01 -5.31493e+00  5.73554e+02
-1.77500e-01  6.70935e-01 -5.24549e+00  5.71942e+02
-1.76500e-01  6.69587e-01 -5.17604e+00  5.70335e+02
-1.75500e-01  6.68241e-01 -5.10660e+00  5.68731e+02
-1.74500e-01  6.66898e-01 -5.03715e+00  5.67131e+02
-1.73500e-01  6.65557e-01 -4.96771e+00  5.65535e+02
-1.72500e-01  6.64218e-01 -4.89826e+00  5.63943e+02
-1.71500e-01  6.62881e-01 -4.82882e+00  5.62354e+02
-1.70500e-01  6.61547e-01 -4.75937e+00  5.60770e+02
-1.69500e-01  6.60214e-01 -4.68993e+00  5.59189e+02
-1.68500e-01  6.58884e-01 -4.62049e+00  5.57612e+02
-1.67500e-01  6.57555e-01 -4.55104e+00  5.56039e+02
-1.66500e-01  6.56229e-01 -4.48160e+00  5.54470e+02
-1.65500e-01  6.54905e-01 -4.41215e+00  5.52904e+02
-1.64500e-01  6.53584e-01 -4.34271e+00  5.51343e+02
-1.63500e-01  6.52264e-01 -4.27326e+00  5.49785e+02
-1.62500e-01  6.50946e-01 -4.20382e+00  5.48231e+02
-1.61500e-01  6.49631e-01 -4.13437e+00  5.46680e+02
-1.60500e-01  6.48318e-01 -4.06493e+00  5.45134e+02
-1.59500e-01  6.47007e-01 -3.99549e+00  5.43591e+02
-1.58500e-01  6.45698e-01 -3.92604e+00  5.42052e+02
-1.57500e-01  6.44391e-01 -3.85660e+00  5.40516e+02
-1.56500e-01  6.43086e-01 -3.78715e+00  5.38985e+02
-1.55500e-01  6.41783e-01 -3.71771e+00  5.37457e+02
-1.54500e-01  6.40483e-01 -3.64826e+00  5.35933e+02
-1.53500e-01  6.39184e-01 -3.57882e+00  5.34412e+02
-1.52500e-01  6.37888e-01 -3.50937e+00  5.32896e+02
-1.51500e-01  6.36594e-01 -3.43993e+00  5.31382e+02
-1.50500e-01  6.35301e-01 -3.37049e+00  5.29873e+02
-1.49500e-01  6.34011e-01 -3.30104e+00  5.28367e+02
-1.48500e-01  6.32723e-01 -3.23160e+00  5.26865e+02
-1.47500e-01  6.31438e-01 -3.16215e+00  5.25367e+02
-1.46500e-01  6.30154e-01 -3.09271e+00  5.23872e+02
-1.45500e-01  6.28872e-01 -3.02326e+00  5.22381e+02
-1.44500e-01  6.27593e-01 -2.95382e+00  5.20893e+02
-1.43500e-01  6.26315e-01 -2.88437e+00  5.19410e+02
-1.42500e-01  6.25040e-01 -2.81493e+00  5.17929e+02
-1.41500e-01  6.23766e-01 -2.74549e+00  5.16453e+02
-1.40500e-01  6.22495e-01 -2.67604e+00  5.14980e+02
-1.39500e-01  6.21226e-01 -2.60660e+00  5.13511e+02
-1.38500e-01  6.19959e-01 -2.53715e+00  5.12045e+02
-1.37500e-01  6.18694e-01 -2.46771e+00  5.10583e+02
-1.36500e-01  6.17431e-01 -2.39826e+00  5.09124e+02
-1.35500e-01  6.16170e-01 -2.32882e+00  5.07669e+02
-1.34500e-01  6.14911e-01 -2.25937e+00  5.06217e+02
-1.33500e-01  6.13654e-01 -2.18993e+00  5.04770e+02
-1.32500e-01  6.12399e-01 -2.12049e+00  5.03325e+02
-1.31500e-01  6.11147e-01 -2.05104e+00  5.01884e+02
-1.30500e-01  6.09896e-01 -1.98160e+00  5.00447e+02
-1.29500e-01  6.08647e-01 -1.91215e+00  4.99013e+02
-1.28500e-01  6.07401e-01 -1.84271e+00  4.97583e+02
-1.27500e-01  6.06156e-01 -1.77326e+00  4.96156e+02
-1.26500e-01  6.04914e-01 -1.70382e+00  4.94733e+02
-1.25500e-01  6.03673e-01 -1.63437e+00  4.93313e+02
-1.24500e-01  6.02435e-01 -1.56493e+00  4.91897e+02
-1.23500e-01  6.01199e-01 -1.49549e+00  4.90484e+02
-1.22500e-01  5.99964e-01 -1.42604e+00  4.89075e+02
-1.21500e-01  5.98732e-01 -1.35660e+00  4.87669e+02
-1.20500e-01  5.97502e-01 -1.28715e+00  4.86267e+02
-1.19500e-01  5.96274e-01 -1.21771e+00  4.84868e+02
-1.18500e-01  5.95047e-01 -1.14826e+00  4.83473e+02
-1.17500e-01  5.93823e-01 -1.07882e+00  4.82081e+02
-1.16500e-01  5.92601e-01 -1.00937e+00  4.80692e+02
-1.15500e-01  5.91381e-01 -9.39930e-01  4.79307e+02
-1.14500e-01  5.90163e-01 -8.70486e-01  4.77926e+02
-1.13500e-01  5.88946e-01 -8.01041e-01  4.76547e+02
-1.12500e-01  5.87732e-01 -7.31597e-01  4.75173e+02
-1.11500e-01  5.86520e-01 -6.62152e-01  4.73801e+02
-1.10500e-01  5.85310e-01 -5.92708e-01  4.72433e+02
-1.09500e-01  5.84102e-01 -5.23263e-01  4.71068e+02
-1.08500e-01  5.82896e-01 -4.53819e-01  4.69707e+02
-1.07500e-01  5.81691e-01 -3.84375e-01  4.68349e+02
-1.06500e-01  5.80489e-01 -3.14930e-01  4.66995e+02
-1.05500e-01  5.79289e-01 -2.45486e-01  4.65643e+02
-1.04500e-01  5.78091e-01 -1.76041e-01  4.64296e+02
-1.03500e-01  5.76895e-01 -1.06597e-01  4.62951e+02
-1.02500e-01  5.75700e-01 -3.71523e-02  4.61610e+02
-1.01500e-01  5.75062e-01  1.38872e-06  4.60894e+02
-1.00500e-01  5.75062e-01  1.38872e-06  4.60894e+02
-9.95000e-02  5.75062e-01  1.38872e-06  4.60894e+02
-9.85000e-02  5.75062e-01  1.38872e-06  4.60894e+02
-9.75000e-02  5.75062e-01  1.38872e-06  4.60894e+02
-9.65000e-02  5.75062e-01  1.38872e-06  4.60894e+02
-9.55000e-02  5.75062e-01  1.38872e-06  4.60894e+02
-9.45000e-02  5.75062e-01  1.38872e-06  4.60894e+02
-9.35000e-02  5.75062e-01  1.38872e-06  4.60894e+02
-9.25000e-02  5.75062e-01  1.38872e-06  4.60894e+02
-9.15000e-02  5.75062e-01  1.38872e-06  4.60894e+02
-9.05000e-02  5.75062e-01  1.38872e-06  4.60894e+02
-8.95000e-02  5.75062e-01  1.38872e-06  4.60894e+02
-8.85000e-02  5.75062e-01  1.38872e-06  4.60894e+02
-8.75000e-02  5.75062e-01  1.38872e-06  4.60894e+02
-8.65000e-02  5.75062e-01  1.38872e-06  4.60894e+02
-8.55000e-02  5.75062e-01  1.38872e-06  4.60894e+02
-8.45000e-02  5.75062e-01  1.38872e-06  4.60894e+02
-8.35000e-02  5.75062e-01  1.38872e-06  4.60894e+02
-8.25000e-02  5.75062e-01  1.38872e-06  4.60894e+02
-8.15000e-02  5.75062e-01  1.38872e-06  4.60894e+02
-8.05000e-02  5.75062e-01  1.38872e-06  4.60894e+02
-7.95000e-02  5.75062e-01  1.38872e-06  4.60894e+02
-7.85000e-02  5.75062e-01  1.38872e-06  4.60894e+02
-7.75000e-02  5.75062e-01  1.38872e-06  4.60894e+02
-7.65000e-02  5.75062e-01  1.38872e-06  4.60894e+02
-7.55000e-02  5.75062e-01  1.38872e-06  4.60894e+02
-7.45000e-02  5.75062e-01  1.38872e-06  4.60894e+02
-7.35000e-02  5.75062e-01  1.38872e-06  4.60894e+02
-7.25000e-02  5.75062e-01  1.38872e-06  4.60894e+02
-7.15000e-02  5.75062e-01  1.38872e-06  4.60894e+02
-7.05000e-02  5.75062e-01  1.38872e-06  4.60894e+02
-6.95000e-02  5.75062e-01  1.38872e-06  4.60894e+02
-6.85000e-02  5.75062e-01  1.38872e-06  4.60894e+02
-6.75000e-02  5.75062e-01  1.38872e-06  4.60894e+02
-6.65000e-02  5.75062e-01  1.38872e-06  4.60894e+02
-6.55000e-02  5.75062e-01  1.38872e-06  4.60894e+02
-6.45000e-02  5.75062e-01  1.38872e-06  4.60894e+02
-6.35000e-02  5.75062e-01  1.38872e-06  4.60894e+02
-6.25000e-02  5.75062e-01  1.38872e-06  4.60894e+02
-6.15000e-02  5.75062e-01  1.38872e-06  4.60894e+02
-6.05000e-02  5.75062e-01  1.38872e-06  4.60894e+02
-5.95000e-02  5.75062e-01  1.38872e-06  4.60894e+02
-5.85000e-02  5.75062e-01  1.38872e-06  4.60894e+02
-5.75000e-02  5.75062e-01  1.38872e-06  4.60894e+02
-5.65000e-02  5.75062e-01  1.38872e-06  4.60894e+02
-5.55000e-02  5.75062e-01  1.38872e-06  4.60894e+02
-5.45000e-02  5.75062e-01  1.38872e-06  4.60894e+02
-5.35000e-02  5.75062e-01  1.38872e-06  4.60894e+02
-5.25000e-02  5.75062e-01  1.38872e-06  4.60894e+02
-5.15000e-02  5.75062e-01  1.38872e-06  4.60894e+02
-5.05000e-02  5.75062e-01  1.38872e-06  4.60894e+02
-4.95000e-02  5.75062e-01  1.38872e-06  4.60894e+02
-4.85000e-02  5.75062e-01  1.38872e-06  4.60894e+02
-4.75000e-02  5.75062e-01  1.38872e-06  4.60894e+02
-4.65000e-02  5.75062e-01  1.38872e-06  4.60894e+02
-4.55000e-02  5.75062e-01  1.38872e-06  4.60894e+02
-4.45000e-02  5.75062e-01  1.38872e-06  4.60894e+02
-4.35000e-02  5.75062e-01  1.38872e-06  4.60894e+02
-4.25000e-02  5.75062e-01  1.38872e-06  4.60894e+02
-4.15000e-02  5.75062e-01  1.38872e-06  4.60894e+02
-4.05000e-02  5.75062e-01  1.38872e-06  4.60894e+02
-3.95000e-02  5.75062e-01  1.38872e-06  4.60894e+02
-3.85000e-02  5.75062e-01  1.38872e-06  4.60894e+02
-3.75000e-02  5.75062e-01  1.38872e-06  4.60894e+02
-3.65000e-02  5.75062e-01  1.38872e-06  4.60894e+02
-3.55000e-02  5.75062e-01  1.38872e-06  4.60894e+02
-3.45000e-02  5.75062e-01  1.38872e-06  4.60894e+02
-3.35000e-02  5.75062e-01  1.38872e-06  4.60894e+02
-3.25000e-02  5.75062e-01  1.38872e-06  4.60894e+02
-3.15000e-02  5.75062e-01  1.38872e-06  4.60894e+02
-3.05000e-02  5.75062e-01  1.38872e-06  4.60894e+02
-2.95000e-02  5.75062e-01  1.38872e-06  4.60894e+02
-2.85000e-02  5.75062e-01  1.38872e-06  4.60894e+02
-2.75000e-02  5.75062e-01  1.38872e-06  4.60894e+02
-2.65000e-02  5.75062e-01  1.38872e-06  4.60894e+02
-2.55000e-02  5.75062e-01  1.38872e-06  4.60894e+02
-2.45000e-02  5.75062e-01  1.38872e-06  4.60894e+02
-2.35000e-02  5.75062e-01  1.38872e-06  4.60894e+02
-2.25000e-02  5.75062e-01  1.38872e-06  4.60894e+02
-2.15000e-02  5.75062e-01  1.38872e-06  4.60894e+02
-2.05000e-02  5.75062e-01  1.38872e-06  4.60894e+02
-1.95000e-02  5.75062e-01  1.38872e-06  4.60894e+02
-1.85000e-02  5.75062e-01  1.38872e-06  4.60894e+02
-1.75000e-02  5.75062e-01  1.38872e-06  4.60894e+02
-1.65000e-02  5.75062e-01  1.38872e-06  4.60894e+02
-1.55000e-02  5.75062e-01  1.38872e-06  4.60894e+02
-1.45000e-02  5.75062e-01  1.38872e-06  4.60894e+02
-1.35000e-02  5.75062e-01  1.38872e-06  4.60894e+02
-1.25000e-02  5.75062e-01  1.38872e-06  4.60894e+02
-1.15000e-02  5.75062e-01  1.38872e-06  4.60894e+02
-1.05000e-02  5.75062e-01  1.38872e-06  4.60894e+02
-9.50000e-03  5.75062e-01  1.38872e-06  4.60894e+02
-8.50000e-03  5.75062e-01  1.38872e-06  4.60894e+02
-7.50000e-03  5.75062e-01  1.38872e-06  4.60894e+02
-6.50000e-03  5.75062e-01  1.38872e-06  4.60894e+02
-5.50000e-03  5.75062e-01  1.38872e-06  4.60894e+02
-4.50000e-03  5.75062e-01  1.38872e-06  4.60894e+02
-3.50000e-03  5.75062e-01  1.38872e-06  4.60894e+02
-2.50000e-03  5.75062e-01  1.38872e-06  4.60894e+02
-1.50000e-03  5.75062e-01  1.38872e-06  4.60894e+02
-5.00000e-04  5.75062e-01  1.38872e-06  4.60894e+02
 5.00000e-04  5.75062e-01  1.38872e-06  4.60894e+02
 1.50000e-03  5.75062e-01  1.38872e-06  4.60894e+02
 2.50000e-03  5.75062e-01  1.38872e-06  4.60894e+02
 3.50000e-03  5.75062e-01  1.38872e-06  4.60894e+02
 4.50000e-03  5.75062e-01  1.38872e-06  4.60894e+02
 5.50000e-03  5.75062e-01  1.38872e-06  4.60894e+02
 6.50000e-03  5.75062e-01  1.38872e-06  4.60894e+02
 7.50000e-03  5.75062e-01  1.38872e-06  4.60894e+02
 8.50000e-03  5.75062e-01  1.38872e-06  4.60894e+02
 9.50000e-03  5.75062e-01  1.38872e-06  4.60894e+02
 1.05000e-02  5.75062e-01  1.38872e-06  4.60894e+02
 1.15000e-02  5.75062e-01  1.38872e-06  4.60894e+02
 1.25000e-02  5.75062e-01  1.38872e-06  4.60894e+02
 1.35000e-02  5.75062e-01  1.38872e-06  4.60894e+02
 1.45000e-02  5.75062e-01  1.38872e-06  4.60894e+02
 1.55000e-02  5.75062e-01  1.38872e-06  4.60894e+02
 1.65000e-02  5.75062e-01  1.38872e-06  4.60894e+02
 1.75000e-02  5.75062e-01  1.38872e-06  4.60894e+02
 1.85000e-02  5.75062e-01  1.38872e-06  4.60894e+02
 1.95000e-02  5.75062e-01  1.38872e-06  4.60894e+02
 2.05000e-02  5.75062e-01  1.38872e-06  4.60894e+02
 2.15000e-02  5.75062e-01  1.38872e-06  4.60894e+02
 2.25000e-02  5.75062e-01  1.38872e-06  4.60894e+02
 2.35000e-02  5.75062e-01  1.38872e-06  4.60894e+02
 2.45000e-02  5.75062e-01  1.38872e-06  4.60894e+02
 2.55000e-02  5.75062e-01  1.38872e-06  4.60894e+02
 2.65000e-02  5.75062e-01  1.38872e-06  4.60894e+02
 2.75000e-02  5.75062e-01  1.38872e-06  4.60894e+02
 2.85000e-02  5.75062e-01  1.38872e-06  4.60894e+02
 2.95000e-02  5.75062e-01  1.38872e-06  4.60894e+02
 3.05000e-02  5.75062e-01  1.38872e-06  4.60894e+02
 3.15000e-02  5.75062e-01  1.38872e-06  4.60894e+02
 3.25000e-02  5.75062e-01  1.38872e-06  4.60894e+02
 3.35000e-02  5.75062e-01  1.38872e-06  4.60894e+02
 3.45000e-02  5.75062e-01  1.38872e-06  4.60894e+02
 3.55000e-02  5.75062e-01  1.38872e-06  4.60894e+02
 3.65000e-02  5.75062e-01  1.38872e-06  4.60894e+02
 3.75000e-02  5.75062e-01  1.38872e-06  4.60894e+02
 3.85000e-02  5.75062e-01  1.38872e-06  4.60894e+02
 3.95000e-02  5.75062e-01  1.38872e-06  4.60894e+02
 4.05000e-02  5.75062e-01  1.38872e-06  4.60894e+02
 4.15000e-02  5.75062e-01  1.38872e-06  4.60894e+02
 4.25000e-02  5.75062e-01  1.38872e-06  4.60894e+02
 4.35000e-02  5.75062e-01  1.38872e-06  4.60894e+02
 4.45000e-02  5.75062e-01  1.38872e-06  4.60894e+02
 4.55000e-02  5.75062e-01  1.38872e-06  4.60894e+02
 4.65000e-02  5.75062e-01  1.38872e-06  4.60894e+02
 4.75000e-02  5.75062e-01  1.38872e-06  4.60894e+02
 4.85000e-02  5.75062e-01  1.38872e-06  4.60894e+02
 4.95000e-02  5.75062e-01  1.38872e-06  4.60894e+02
 5.05000e-02  5.75062e-01  1.38872e-06  4.60894e+02
 5.15000e-02  5.75062e-01  1.38872e-06  4.60894e+02
 5.25000e-02  5.75062e-01  1.38872e-06  4.60894e+02
 5.35000e-02  5.75062e-01  1.38872e-06  4.60894e+02
 5.45000e-02  5.75062e-01  1.38872e-06  4.60894e+02
 5.55000e-02  5.75062e-01  1.38872e-06  4.60894e+02
 5.65000e-02  5.75062e-01  1.38872e-06  4.60894e+02
 5.75000e-02  5.75062e-01  1.38872e-06  4.60894e+02
 5.85000e-02  5.75062e-01  1.38872e-06  4.60894e+02
 5.95000e-02  5.75062e-01  1.38872e-06  4.60894e+02
 6.05000e-02  5.75062e-01  1.38872e-06  4.60894e+02
 6.15000e-02  5.75062e-01  1.38872e-06  4.60894e+02
 6.25000e-02  5.75062e-01  1.38872e-06  4.60894e+02
 6.35000e-02  5.75062e-01  1.38872e-06  4.60894e+02
 6.45000e-02  5.75062e-01  1.38872e-06  4.60894e+02
 6.55000e-02  5.75062e-01  1.38872e-06  4.60894e+02
 6.65000e-02  5.75062e-01  1.38872e-06  4.60894e+02
 6.75000e-02  5.75062e-01  1.38872e-06  4.60894e+02
 6.85000e-02  5.75062e-01  1.38872e-06  4.60894e+02
 6.95000e-02  5.75062e-01  1.38872e-06  4.60894e+02
 7.05000e-02  5.75062e-01  1.38872e-06  4.60894e+02
 7.15000e-02  5.75062e-01  1.38872e-06  4.60894e+02
 7.25000e-02  5.75062e-01  1.38872e-06  4.60894e+02
 7.35000e-02  5.75062e-01  1.38872e-06  4.60894e+02
 7.45000e-02  5.75062e-01  1.38872e-06  4.60894e+02
 7.55000e-02  5.75062e-01  1.38872e-06  4.60894e+02
 7.65000e-02  5.75062e-01  1.38872e-06  4.60894e+02
 7.75000e-02  5.75062e-01  1.38872e-06  4.60894e+02
 7.85000e-02  5.75062e-01  1.38872e-06  4.60894e+02
 7.95000e-02  5.75062e-01  1.38872e-06  4.60894e+02
 8.05000e-02  5.75062e-01  1.38872e-06  4.60894e+02
 8.15000e-02  5.75062e-01  1.38872e-06  4.60894e+02
 8.25000e-02  5.75062e-01  1.38872e-06  4.60894e+02
 8.35000e-02  5.75062e-01  1.38872e-06  4.60894e+02
 8.45000e-02  5.75062e-01  1.38872e-06  4.60894e+02
 8.55000e-02  5.75062e-01  1.38872e-06  4.60894e+02
 8.65000e-02  5.75062e-01  1.38872e-06  4.60894e+02
 8.75000e-02  5.75062e-01  1.38872e-06  4.60894e+02
 8.85000e-02  5.75062e-01  1.38872e-06  4.60894e+02
 8.95000e-02  5.75062e-01  1.38872e-06  4.60894e+02
 9.05000e-02  5.75062e-01  1.38872e-06  4.60894e+02
 9.15000e-02  5.75062e-01  1.38872e-06  4.60894e+02
 9.25000e-02  5.75062e-01  1.38872e-06  4.60894e+02
 9.35000e-02  5.75062e-01  1.38872e-06  4.60894e+02
 9.45000e-02  5.75062e-01  1.38872e-06  4.60894e+02
 9.55000e-02  5.75062e-01  1.38872e-06  4.60894e+02
 9.65000e-02  5.75062e-01  1.38872e-06  4.60894e+02
 9.75000e-02  5.75062e-01  1.38872e-06  4.60894e+02
 9.85000e-02  5.75062e-01  1.38872e-06  4.60894e+02
 9.95000e-02  5.75062e-01  1.38872e-06  4.60894e+02
 1.00500e-01  5.75062e-01  1.38872e-06  4.60894e+02
 1.01500e-01  5.75062e-01  1.38872e-06  4.60894e+02
 1.02500e-01  5.75062e-01  1.38872e-06  4.60894e+02
 1.03500e-01  5.75062e-01  1.38872e-06  4.60894e+02
 1.04500e-01  5.75062e-01  1.38872e-06  4.60894e+02
 1.05500e-01  5.75062e-01  1.38872e-06  4.60894e+02
 1.06500e-01  5.75062e-01  1.38872e-06  4.60894e+02
 1.07500e-01  5.75062e-01  1.38872e-06  4.60894e+02
 1.08500e-01  5.75062e-01  1.38872e-06  4.60894e+02
 1.09500e-01  5.75062e-01  1.38872e-06  4.60894e+02
 1.10500e-01  5.75062e-01  1.38872e-06  4.60894e+02
 1.11500e-01  5.75062e-01  1.38872e-06  4.60894e+02
 1.12500e-01  5.75062e-01  1.38872e-06  4.60894e+02
 1.13500e-01  5.75062e-01  1.38872e-06  4.60894e+02
 1.14500e-01  5.75062e-01  1.38872e-06  4.60894e+02
 1.15500e-01  5.75062e-01  1.38872e-06  4.60894e+02
 1.16500e-01  5.75062e-01  1.38872e-06  4.60894e+02
 1.17500e-01  5.75062e-01  1.38872e-06  4.60894e+02
 1.18500e-01  5.75062e-01  1.38872e-06  4.60894e+02
 1.19500e-01  5.75062e-01  1.38872e-06  4.60894e+02
 1.20500e-01  5.75062e-01  1.38872e-06  4.60894e+02
 1.21500e-01  5.75062e-01  1.38872e-06  4.60894e+02
 1.22500e-01  5.75062e-01  1.38872e-06  4.60894e+02
 1.23500e-01  5.75062e-01  1.38872e-06  4.60894e+02
 1.24500e-01  5.75062e-01  1.38872e-06  4.60894e+02
 1.25500e-01  5.75062e-01  1.38872e-06  4.60894e+02
 1.26500e-01  5.75062e-01  1.38872e-06  4.60894e+02
 1.27500e-01  5.75062e-01  1.38872e-06  4.60894e+02
 1.28500e-01  5.75062e-01  1.38872e-06  4.60894e+02
 1.29500e-01  5.75062e-01  1.38872e-06  4.60894e+02
 1.30500e-01  5.75062e-01  1.38872e-06  4.60894e+02
 1.31500e-01  5.75062e-01  1.38872e-06  4.60894e+02
 1.32500e-01  5.75062e-01  1.38872e-06  4.60894e+02
 1.33500e-01  5.75062e-01  1.38872e-06  4.60894e+02
 1.34500e-01  5.75062e-01  1.38872e-06  4.60894e+02
 1.35500e-01  5.75062e-01  1.38872e-06  4.60894e+02
 1.36500e-01  5.75062e-01  1.38872e-06  4.60894e+02
 1.37500e-01  5.75062e-01  1.38872e-06  4.60894e+02
 1.38500e-01  5.75062e-01  1.38872e-06  4.60894e+02
 1.39500e-01  5.75062e-01  1.38872e-06  4.60894e+02
 1.40500e-01  5.75062e-01  1.38872e-06  4.60894e+02
 1.41500e-01  5.75062e-01  1.38872e-06  4.60894e+02
 1.42500e-01  5.75062e-01  1.38872e-06  4.60894e+02
 1.43500e-01  5.75062e-01  1.38872e-06  4.60894e+02
 1.44500e-01  5.75062e-01  1.38872e-06  4.60894e+02
 1.45500e-01  5.75062e-01  1.38872e-06  4.60894e+02
 1.46500e-01  5.75062e-01  1.38872e-06  4.60894e+02
 1.47500e-01  5.75062e-01  1.38872e-06  4.60894e+02
 1.48500e-01  5.75062e-01  1.38872e-06  4.60894e+02
 1.49500e-01  5.75062e-01  1.38872e-06  4.60894e+02
 1.50500e-01  5.75062e-01  1.38872e-06  4.60894e+02
 1.51500e-01  5.75062e-01  1.38872e-06  4.60894e+02
 1.52500e-01  5.75062e-01  1.38872e-06  4.60894e+02
 1.53500e-01  5.75062e-01  1.38872e-06  4.60894e+02
 1.54500e-01  5.75062e-01  1.38872e-06  4.60894e+02
 1.55500e-01  5.75062e-01  1.38872e-06  4.60894e+02
 1.56500e-01  5.75062e-01  1.38872e-06  4.60894e+02
 1.57500e-01  5.75062e-01  1.38872e-06  4.60894e+02
 1.58500e-01  5.75062e-01  1.38872e-06  4.60894e+02
 1.59500e-01  5.75062e-01  1.38872e-06  4.60894e+02
 1.60500e-01  5.75062e-01  1.38872e-06  4.60894e+02
 1.61500e-01  5.75062e-01  1.38872e-06  4.60894e+02
 1.62500e-01  5.75062e-01  1.38872e-06  4.60894e+02
 1.63500e-01  5.75062e-01  1.38872e-06  4.60894e+02
 1.64500e-01  5.75062e-01  1.38872e-06  4.60894e+02
 1.65500e-01  5.75062e-01  1.38872e-06  4.60894e+02
 1.66500e-01  5.75062e-01  1.38872e-06  4.60894e+02
 1.67500e-01  5.75062e-01  1.38872e-06  4.60894e+02
 1.68500e-01  5.75062e-01  1.38872e-06  4.60894e+02
 1.69500e-01  5.75062e-01  1.38872e-06  4.60894e+02
 1.70500e-01  5.75062e-01  1.38872e-06  4.60894e+02
 1.71500e-01  5.75062e-01  1.38872e-06  4.60894e+02
 1.72500e-01  5.75062e-01  1.38872e-06  4.60894e+02
 1.73500e-01  5.75062e-01  1.38872e-06  4.60894e+02
 1.74500e-01  5.75062e-01  1.38872e-06  4.60894e+02
 1.75500e-01  5.75062e-01  1.38872e-06  4.60894e+02
 1.76500e-01  5.75062e-01  1.38872e-06  4.60894e+02
 1.77500e-01  5.75062e-01  1.38872e-06  4.60894e+02
 1.78500e-01  5.75062e-01  1.38872e-06  4.60894e+02
 1.79500e-01  5.75062e-01  1.38872e-06  4.60894e+02
 1.80500e-01  5.75062e-01  1.38872e-06  4.60894e+02
 1.81500e-01  5.75062e-01  1.38872e-06  4.60894e+02
 1.82500e-01  5.75062e-01  1.38872e-06  4.60894e+02
 1.83500e-01  5.75062e-01  1.38872e-06  4.60894e+02
 1.84500e-01  5.75062e-01  1.38872e-06  4.60894e+02
 1.85500e-01  5.75062e-01  1.38872e-06  4.60894e+02
 1.86500e-01  5.75062e-01  1.38872e-06  4.60894e+02
 1.87500e-01  5.75062e-01  1.38872e-06  4.60894e+02
 1.88500e-01  5.75062e-01  1.38872e-06  4.60894e+02
 1.89500e-01  5.75062e-01  1.38872e-06  4.60894e+02
 1.90500e-01  5.75062e-01  1.38872e-06  4.60894e+02
 1.91500e-01  5.75062e-01  1.38872e-06  4.60894e+02
 1.92500e-01  5.75062e-01  1.38872e-06  4.60894e+02
 1.93500e-01  5.75062e-01  1.38872e-06  4.60894e+02
 1.94500e-01  5.75062e-01  1.38872e-06  4.60894e+02
 1.95500e-01  5.75062e-01  1.38872e-06  4.60894e+02
 1.96500e-01  5.75062e-01  1.38872e-06  4.60894e+02
 1.97500e-01  5.75062e-01  1.38872e-06  4.60894e+02
 1.98500e-01  5.75062e-01  1.38872e-06  4.60894e+02
 1.99500e-01  5.75062e-01  1.38872e-06  4.60894e+02
 2.00500e-01  5.75062e-01  1.38872e-06  4.60894e+02
 2.01500e-01  5.75062e-01  1.38872e-06  4.60894e+02
 2.02500e-01  5.75062e-01  1.38872e-06  4.60894e+02
 2.03500e-01  5.75062e-01  1.38872e-06  4.60894e+02
 2.04500e-01  5.75062e-01  1.38872e-06  4.60894e+02
 2.05500e-01  5.75062e-01  1.38872e-06  4.60894e+02
 2.06500e-01  5.75062e-01  1.38872e-06  4.60894e+02
 2.07500e-01  5.75062e-01  1.38872e-06  4.60894e+02
 2.08500e-01  5.75062e-01  1.38872e-06  4.60894e+02
 2.09500e-01  5.75062e-01  1.38872e-06  4.60894e+02
 2.10500e-01  5.75062e-01  1.38872e-06  4.60894e+02
 2.11500e-01  5.75062e-01  1.38872e-06  4.60894e+02
 2.12500e-01  5.75062e-01  1.38872e-06  4.60894e+02
 2.13500e-01  5.75062e-01  1.38872e-06  4.60894e+02
 2.14500e-01  5.75062e-01  1.38872e-06  4.60894e+02
 2.15500e-01  5.75062e-01  1.38872e-06  4.60894e+02
 2.16500e-01  5.75062e-01  1.38872e-06  4.60894e+02
 2.17500e-01  5.75062e-01  1.38872e-06  4.60894e+02
 2.18500e-01  5.75062e-01  1.38872e-06  4.60894e+02
 2.19500e-01  5.75062e-01  1.38872e-06  4.60894e+02
 2.20500e-01  5.75062e-01  1.38872e-06  4.60894e+02
 2.21500e-01  5.75062e-01  1.38872e-06  4.60894e+02
 2.22500e-01  5.75062e-01  1.38872e-06  4.60894e+02
 2.23500e-01  5.75062e-01  1.38872e-06  4.60894e+02
 2.24500e-01  5.75062e-01  1.38872e-06  4.60894e+02
 2.25500e-01  5.75062e-01  1.38872e-06  4.60894e+02
 2.26500e-01  5.75062e-01  1.38872e-06  4.60894e+02
 2.27500e-01  5.75062e-01  1.38872e-06  4.60894e+02
 2.28500e-01  5.75062e-01  1.38872e-06  4.60894e+02
 2.29500e-01  5.75062e-01  1.38872e-06  4.60894e+02
 2.30500e-01  5.75062e-01  1.38872e-06  4.60894e+02
 2.31500e-01  5.75062e-01  1.38872e-06  4.60894e+02
 2.32500e-01  5.75062e-01  1.38872e-06  4.60894e+02
 2.33500e-01  5.75062e-01  1.38872e-06  4.60894e+02
 2.34500e-01  5.75062e-01  1.38872e-06  4.60894e+02
 2.35500e-01  5.75062e-01  1.38872e-06  4.60894e+02
 2.36500e-01  5.75062e-01  1.38872e-06  4.60894e+02
 2.37500e-01  5.75062e-01  1.38872e-06  4.60894e+02
 2.38500e-01  5.75062e-01  1.38872e-06  4.60894e+02
 2.39500e-01  5.75062e-01  1.38872e-06  4.60894e+02
 2.40500e-01  5.75062e-01  1.38872e-06  4.60894e+02
 2.41500e-01  5.75062e-01  1.38872e-06  4.60894e+02
 2.42500e-01  5.75062e-01  1.38872e-06  4.60894e+02
 2.43500e-01  5.75062e-01  1.38872e-06  4.60894e+02
 2.44500e-01  5.75062e-01  1.38872e-06  4.60894e+02
 2.45500e-01  5.75062e-01  1.38872e-06  4.60894e+02
 2.46500e-01  5.75062e-01  1.38872e-06  4.60894e+02
 2.47500e-01  5.75062e-01  1.38872e-06  4.60894e+02
 2.48500e-01  5.75062e-01  1.38872e-06  4.60894e+02
 2.49500e-01  5.75062e-01  1.38872e-06  4.60894e+02
 2.50500e-01  5.75062e-01  1.38872e-06  4.60894e+02
 2.51500e-01  5.75062e-01  1.38872e-06  4.60894e+02
 2.52500e-01  5.75062e-01  1.38872e-06  4.60894e+02
 2.53500e-01  5.75062e-01  1.38872e-06  4.60894e+02
 2.54500e-01  5.75062e-01  1.38872e-06  4.60894e+02
 2.55500e-01  5.75062e-01  1.38872e-06  4.60894e+02
 2.56500e-01  5.75062e-01  1.38872e-06  4.60894e+02
 2.57500e-01  5.75062e-01  1.38872e-06  4.60894e+02
 2.58500e-01  5.75062e-01  1.38872e-06  4.60894e+02
 2.59500e-01  5.75062e-01  1.38872e-06  4.60894e+02
 2.60500e-01  5.75062e-01  1.38872e-06  4.60894e+02
 2.61500e-01  5.75062e-01  1.38872e-06  4.60894e+02
 2.62500e-01  5.75062e-01  1.38872e-06  4.60894e+02
 2.63500e-01  5.75062e-01  1.38872e-06  4.60894e+02
 2.64500e-01  5.75062e-01  1.38872e-06  4.60894e+02
 2.65500e-01  5.75062e-01  1.38872e-06  4.60894e+02
 2.66500e-01  5.75062e-01  1.38872e-06  4.60894e+02
 2.67500e-01  5.75062e-01  1.38872e-06  4.60894e+02
 2.68500e-01  5.75062e-01  1.38872e-06  4.60894e+02
 2.69500e-01  5.75062e-01  1.38872e-06  4.60894e+02
 2.70500e-01  5.75062e-01  1.38872e-06  4.60894e+02
 2.71500e-01  5.75062e-01  1.38872e-06  4.60894e+02
 2.72500e-01  5.75062e-01  1.38872e-06  4.60894e+02
 2.73500e-01  5.75062e-01  1.38872e-06  4.60894e+02
 2.74500e-01  5.75062e-01  1.38872e-06  4.60894e+02
 2.75500e-01  5.75062e-01  1.38872e-06  4.60894e+02
 2.76500e-01  5.75062e-01  1.38872e-06  4.60894e+02
 2.77500e-01  5.75062e-01  1.38872e-06  4.60894e+02
 2.78500e-01  5.75062e-01  1.38872e-06  4.60894e+02
 2.79500e-01  5.75062e-01  1.38872e-06  4.60894e+02
 2.80500e-01  5.75062e-01  1.38872e-06  4.60894e+02
 2.81500e-01  5.75062e-01  1.38872e-06  4.60894e+02
 2.82500e-01  5.75062e-01  1.38872e-06  4.60894e+02
 2.83500e-01  5.75062e-01  1.38872e-06  4.60894e+02
 2.84500e-01  5.75062e-01  1.38872e-06  4.60894e+02
 2.85500e-01  5.75062e-01  1.38872e-06  4.60894e+02
 2.86500e-01  5.75062e-01  1.38872e-06  4.60894e+02
 2.87500e-01  5.75062e-01  1.38872e-06  4.60894e+02
 2.88500e-01  5.75062e-01  1.38872e-06  4.60894e+02
 2.89500e-01  5.75062e-01  1.38872e-06  4.60894e+02
 2.90500e-01  5.75062e-01  1.38872e-06  4.60894e+02
 2.91500e-01  5.75062e-01  1.38872e-06  4.60894e+02
 2.92500e-01  5.75062e-01  1.38872e-06  4.60894e+02
 2.93500e-01  5.75062e-01  1.38872e-06  4.60894e+02
 2.94500e-01  5.75062e-01  1.38872e-06  4.60894e+02
 2.95500e-01  5.75062e-01  1.38872e-06  4.60894e+02
 2.96500e-01  5.75062e-01  1.38872e-06  4.60894e+02
 2.97500e-01  5.75062e-01  1.38872e-06  4.60894e+02
 2.98500e-01  5.75062e-01  1.38872e-06  4.60894e+02
 2.99500e-01  5.75062e-01  1.38872e-06  4.60894e+02
 3.00500e-01  5.99924e+00  1.38872e-06  4.60894e+02
 3.01500e-01  5.99924e+00  1.38872e-06  4.60894e+02
 3.02500e-01  5.99924e+00  1.38872e-06  4.60894e+02
 3.03500e-01  5.99924e+00  1.38872e-06  4.60894e+02
 3.04500e-01  5.99924e+00  1.38872e-06  4.60894e+02
 3.05500e-01  5.99924e+00  1.38872e-06  4.60894e+02
 3.06500e-01  5.99924e+00  1.38872e-06  4.60894e+02
 3.07500e-01  5.99924e+00  1.38872e-06  4.60894e+02
 3.08500e-01  5.99924e+00  1.38872e-06  4.60894e+02
 3.09500e-01  5.99924e+00  1.38872e-06  4.60894e+02
 3.10500e-01  5.99924e+00  1.38872e-06  4.60894e+02
 3.11500e-01  5.99924e+00  1.38872e-06  4.60894e+02
 3.12500e-01  5.99924e+00  1.38872e-06  4.60894e+02
 3.13500e-01  5.99924e+00  1.38872e-06  4.60894e+02
 3.14500e-01  5.99924e+00  1.38872e-06  4.60894e+02
 3.15500e-01  5.99924e+00  1.38872e-06  4.60894e+02
 3.16500e-01  5.99924e+00  1.38872e-06  4.60894e+02
 3.17500e-01  5.99924e+00  1.38872e-06  4.60894e+02
 3.18500e-01  5.99924e+00  1.38872e-06  4.60894e+02
 3.19500e-01  5.99924e+00  1.38872e-06  4.60894e+02
 3.20500e-01  5.99924e+00  1.38872e-06  4.60894e+02
 3.21500e-01  5.99924e+00  1.38872e-06  4.60894e+02
 3.22500e-01  5.99924e+00  1.38872e-06  4.60894e+02
 3.23500e-01  5.99924e+00  1.38872e-06  4.60894e+02
 3.24500e-01  5.99924e+00  1.38872e-06  4.60894e+02
 3.25500e-01  5.99924e+00  1.38872e-06  4.60894e+02
 3.26500e-01  5.99924e+00  1.38872e-06  4.60894e+02
 3.27500e-01  5.99924e+00  1.38872e-06  4.60894e+02
 3.28500e-01  5.99924e+00  1.38872e-06  4.60894e+02
 3.29500e-01  5.99924e+00  1.38872e-06  4.60894e+02
 3.30500e-01  5.99924e+00  1.38872e-06  4.60894e+02
 3.31500e-01  5.99924e+00  1.38872e-06  4.60894e+02
 3.32500e-01  5.99924e+00  1.38872e-06  4.60894e+02
 3.33500e-01  5.99924e+00  1.38872e-06  4.60894e+02
 3.34500e-01  5.99924e+00  1.38872e-06  4.60894e+02
 3.35500e-01  5.99924e+00  1.38872e-06  4.60894e+02
 3.36500e-01  5.99924e+00  1.38872e-06  4.60894e+02
 3.37500e-01  5.99924e+00  1.38872e-06  4.60894e+02
 3.38500e-01  5.99924e+00  1.38872e-06  4.60894e+02
 3.39500e-01  5.99924e+00  1.38872e-06  4.60894e+02
 3.40500e-01  5.99924e+00  1.38872e-06  4.60894e+02
 3.41500e-01  5.99924e+00  1.38872e-06  4.60894e+02
 3.42500e-01  5.99924e+00  1.38872e-06  4.60894e+02
 3.43500e-01  5.99924e+00  1.38872e-06  4.60894e+02
 3.44500e-01  5.99924e+00  1.38872e-06  4.60894e+02
 3.45500e-01  5.99924e+00  1.38872e-06  4.60894e+02
 3.46500e-01  5.99924e+00  1.38872e-06  4.60894e+02
 3.47500e-01  1.00000e+00 -1.95974e+01  1.00000e-02
 3.48500e-01  1.00000e+00 -1.95974e+01  1.00000e-02
 3.49500e-01  1.00000e+00 -1.95974e+01  1.00000e-02
 3.50500e-01  1.00000e+00 -1.95974e+01  1.00000e-02
 3.51500e-01  1.00000e+00 -1.95974e+01  1.00000e-02
 3.52500e-01  1.00000e+00 -1.95974e+01  1.00000e-02
 3.53500e-01  1.00000e+00 -1.95974e+01  1.00000e-02
 3.54500e-01  1.00000e+00 -1.95974e+01  1.00000e-02
 3.55500e-01  1.00000e+00 -1.95974e+01  1.00000e-02
 3.56500e-01  1.00000e+00 -1.95974e+01  1.00000e-02
 3.57500e-01  1.00000e+00 -1.95974e+01  1.00000e-02
 3.58500e-01  1.00000e+00 -1.95974e+01  1.00000e-02
 3.59500e-01  1.00000e+00 -1.95974e+01  1.00000e-02
 3.60500e-01  1.00000e+00 -1.95974e+01  1.00000e-02
 3.61500e-01  1.00000e+00 -1.95974e+01  1.00000e-02
 3.62500e-01  1.00000e+00 -1.95974e+01  1.00000e-02
 3.63500e-01  1.00000e+00 -1.95974e+01  1.00000e-02
 3.64500e-01  1.00000e+00 -1.95974e+01  1.00000e-02
 3.65500e-01  1.00000e+00 -1.95974e+01  1.00000e-02
 3.66500e-01  1.00000e+00 -1.95974e+01  1.00000e-02
 3.67500e-01  1.00000e+00 -1.95974e+01  1.00000e-02
 3.68500e-01  1.00000e+00 -1.95974e+01  1.00000e-02
 3.69500e-01  1.00000e+00 -1.95974e+01  1.00000e-02
 3.70500e-01  1.00000e+00 -1.95974e+01  1.00000e-02
 3.71500e-01  1.00000e+00 -1.95974e+01  1.00000e-02
 3.72500e-01  1.00000e+00 -1.95974e+01  1.00000e-02
 3.73500e-01  1.00000e+00 -1.95974e+01  1.00000e-02
 3.74500e-01  1.00000e+00 -1.95974e+01  1.00000e-02
 3.75500e-01  1.00000e+00 -1.95974e+01  1.00000e-02
 3.76500e-01  1.00000e+00 -1.95974e+01  1.00000e-02
 3.77500e-01  1.00000e+00 -1.95974e+01  1.00000e-02
 3.78500e-01  1.00000e+00 -1.95974e+01  1.00000e-02
 3.79500e-01  1.00000e+00 -1.95974e+01  1.00000e-02
 3.80500e-01  1.00000e+00 -1.95974e+01  1.00000e-02
 3.81500e-01  1.00000e+00 -1.95974e+01  1.00000e-02
 3.82500e-01  1.00000e+00 -1.95974e+01  1.00000e-02
 3.83500e-01  1.00000e+00 -1.95974e+01  1.00000e-02
 3.84500e-01  1.00000e+00 -1.95974e+01  1.00000e-02
 3.85500e-01  1.00000e+00 -1.95974e+01  1.00000e-02
 3.86500e-01  1.00000e+00 -1.95974e+01  1.00000e-02
 3.87500e-01  1.00000e+00 -1.95974e+01  1.00000e-02
 3.88500e-01  1.00000e+00 -1.95974e+01  1.00000e-02
 3.89500e-01  1.00000e+00 -1.95974e+01  1.00000e-02
 3.90500e-01  1.00000e+00 -1.95974e+01  1.00000e-02
 3.91500e-01  1.00000e+00 -1.95974e+01  1.00000e-02
 3.92500e-01  1.00000e+00 -1.95974e+01  1.00000e-02
 3.93500e-01  1.00000e+00 -1.95974e+01  1.00000e-02
 3.94500e-01  1.00000e+00 -1.95974e+01  1.00000e-02
 3.95500e-01  1.00000e+00 -1.95974e+01  1.00000e-02
 3.96500e-01  1.00000e+00 -1.95974e+01  1.00000e-02
 3.97500e-01  1.00000e+00 -1.95974e+01  1.00000e-02
 3.98500e-01  1.00000e+00 -1.95974e+01  1.00000e-02
 3.99500e-01  1.00000e+00 -1.95974e+01  1.00000e-02
 4.00500e-01  1.00000e+00 -1.95974e+01  1.00000e-02
 4.01500e-01  1.00000e+00 -1.95974e+01  1.00000e-02
 4.02500e-01  1.00000e+00 -1.95974e+01  1.00000e-02
 4.03500e-01  1.00000e+00 -1.95974e+01  1.00000e-02
 4.04500e-01  1.00000e+00 -1.95974e+01  1.00000e-02
 4.05500e-01  1.00000e+00 -1.95974e+01  1.00000e-02
 4.06500e-01  1.00000e+00 -1.95974e+01  1.00000e-02
 4.07500e-01  1.00000e+00 -1.95974e+01  1.00000e-02
 4.08500e-01  1.00000e+00 -1.95974e+01  1.00000e-02
 4.09500e-01  1.00000e+00 -1.95974e+01  1.00000e-02
 4.10500e-01  1.00000e+00 -1.95974e+01  1.00000e-02
 4.11500e-01  1.00000e+00 -1.95974e+01  1.00000e-02
 4.12500e-01  1.00000e+00 -1.95974e+01  1.00000e-02
 4.13500e-01  1.00000e+00 -1.95974e+01  1.00000e-02
 4.14500e-01  1.00000e+00 -1.95974e+01  1.00000e-02
 4.15500e-01  1.00000e+00 -1.95974e+01  1.00000e-02
 4.16500e-01  1.00000e+00 -1.95974e+01  1.00000e-02
 4.17500e-01  1.00000e+00 -1.95974e+01  1.00000e-02
 4.18500e-01  1.00000e+00 -1.95974e+01  1.00000e-02
 4.19500e-01  1.00000e+00 -1.95974e+01  1.00000e-02
 4.20500e-01  1.00000e+00 -1.95974e+01  1.00000e-02
 4.21500e-01  1.00000e+00 -1.95974e+01  1.00000e-02
 4.22500e-01  1.00000e+00 -1.95974e+01  1.00000e-02
 4.23500e-01  1.00000e+00 -1.95974e+01  1.00000e-02
 4.24500e-01  1.00000e+00 -1.95974e+01  1.00000e-02
 4.25500e-01  1.00000e+00 -1.95974e+01  1.00000e-02
 4.26500e-01  1.00000e+00 -1.95974e+01  1.00000e-02
 4.27500e-01  1.00000e+00 -1.95974e+01  1.00000e-02
 4.28500e-01  1.00000e+00 -1.95974e+01  1.00000e-02
 4.29500e-01  1.00000e+00 -1.95974e+01  1.00000e-02
 4.30500e-01  1.00000e+00 -1.95974e+01  1.00000e-02
 4.31500e-01  1.00000e+00 -1.95974e+01  1.00000e-02
 4.32500e-01  1.00000e+00 -1.95974e+01  1.00000e-02
 4.33500e-01  1.00000e+00 -1.95974e+01  1.00000e-02
 4.34500e-01  1.00000e+00 -1.95974e+01  1.00000e-02
 4.35500e-01  1.00000e+00 -1.95974e+01  1.00000e-02
 4.36500e-01  1.00000e+00 -1.95974e+01  1.00000e-02
 4.37500e-01  1.00000e+00 -1.95974e+01  1.00000e-02
 4.38500e-01  1.00000e+00 -1.95974e+01  1.00000e-02
 4.39500e-01  1.00000e+00 -1.95974e+01  1.00000e-02
 4.40500e-01  1.00000e+00 -1.95974e+01  1.00000e-02
 4.41500e-01  1.00000e+00 -1.95974e+01  1.00000e-02
 4.42500e-01  1.00000e+00 -1.95974e+01  1.00000e-02
 4.43500e-01  1.00000e+00 -1.95974e+01  1.00000e-02
 4.44500e-01  1.00000e+00 -1.95974e+01  1.00000e-02
 4.45500e-01  1.00000e+00 -1.95974e+01  1.00000e-02
 4.46500e-01  1.00000e+00 -1.95974e+01  1.00000e-02
 4.47500e-01  1.00000e+00 -1.95974e+01  1.00000e-02
 4.48500e-01  1.00000e+00 -1.95974e+01  1.00000e-02
 4.49500e-01  1.00000e+00 -1.95974e+01  1.00000e-02
 4.50500e-01  1.00000e+00 -1.95974e+01  1.00000e-02
 4.51500e-01  1.00000e+00 -1.95974e+01  1.00000e-02
 4.52500e-01  1.00000e+00 -1.95974e+01  1.00000e-02
 4.53500e-01  1.00000e+00 -1.95974e+01  1.00000e-02
 4.54500e-01  1.00000e+00 -1.95974e+01  1.00000e-02
 4.55500e-01  1.00000e+00 -1.95974e+01  1.00000e-02
 4.56500e-01  1.00000e+00 -1.95974e+01  1.00000e-02
 4.57500e-01  1.00000e+00 -1.95974e+01  1.00000e-02
 4.58500e-01  1.00000e+00 -1.95974e+01  1.00000e-02
 4.59500e-01  1.00000e+00 -1.95974e+01  1.00000e-02
 4.60500e-01  1.00000e+00 -1.95974e+01  1.00000e-02
 4.61500e-01  1.00000e+00 -1.95974e+01  1.00000e-02
 4.62500e-01  1.00000e+00 -1.95974e+01  1.00000e-02
 4.63500e-01  1.00000e+00 -1.95974e+01  1.00000e-02
 4.64500e-01  1.00000e+00 -1.95974e+01  1.00000e-02
 4.65500e-01  1.00000e+00 -1.95974e+01  1.00000e-02
 4.66500e-01  1.00000e+00 -1.95974e+01  1.00000e-02
 4.67500e-01  1.00000e+00 -1.95974e+01  1.00000e-02
 4.68500e-01  1.00000e+00 -1.95974e+01  1.00000e-02
 4.69500e-01  1.00000e+00 -1.95974e+01  1.00000e-02
 4.70500e-01  1.00000e+00 -1.95974e+01  1.00000e-02
 4.71500e-01  1.00000e+00 -1.95974e+01  1.00000e-02
 4.72500e-01  1.00000e+00 -1.95974e+01  1.00000e-02
 4.73500e-01  1.00000e+00 -1.95974e+01  1.00000e-02
 4.74500e-01  1.00000e+00 -1.95974e+01  1.00000e-02
 4.75500e-01  1.00000e+00 -1.95974e+01  1.00000e-02
 4.76500e-01  1.00000e+00 -1.95974e+01  1.00000e-02
 4.77500e-01  1.00000e+00 -1.95974e+01  1.00000e-02
 4.78500e-01  1.00000e+00 -1.95974e+01  1.00000e-02
 4.79500e-01  1.00000e+00 -1.95974e+01  1.00000e-02
 4.80500e-01  1.00000e+00 -1.95974e+01  1.00000e-02
 4.81500e-01  1.00000e+00 -1.95974e+01  1.00000e-02
 4.82500e-01  1.00000e+00 -1.95974e+01  1.00000e-02
 4.83500e-01  1.00000e+00 -1.95974e+01  1.00000e-02
 4.84500e-01  1.00000e+00 -1.95974e+01  1.00000e-02
 4.85500e-01  1.00000e+00 -1.95974e+01  1.00000e-02
 4.86500e-01  1.00000e+00 -1.95974e+01  1.00000e-02
 4.87500e-01  1.00000e+00 -1.95974e+01  1.00000e-02
 4.88500e-01  1.00000e+00 -1.95974e+01  1.00000e-02
 4.89500e-01  1.00000e+00 -1.95974e+01  1.00000e-02
 4.90500e-01  1.00000e+00 -1.95974e+01  1.00000e-02
 4.91500e-01  1.00000e+00 -1.95974e+01  1.00000e-02
 4.92500e-01  1.00000e+00 -1.95974e+01  1.00000e-02
 4.93500e-01  1.00000e+00 -1.95974e+01  1.00000e-02
 4.94500e-01  1.00000e+00 -1.95974e+01  1.00000e-02
 4.95500e-01  1.00000e+00 -1.95974e+01  1.00000e-02
 4.96500e-01  1.00000e+00 -1.95974e+01  1.00000e-02
 4.97500e-01  1.00000e+00 -1.95974e+01  1.00000e-02
 4.98500e-01  1.00000e+00 -1.95974e+01  1.00000e-02
 4.99500e-01  1.00000e+00 -1.95974e+01  1.00000e-02
