0,0
0.0125,-0.0011617
0.025,-0.0023233
0.0375,-0.003485
0.05,-0.0046467
0.0625,-0.0058084
0.075,-0.00697
0.0875,-0.0081317
0.1,-0.0092934
0.1125,-0.010455
0.125,-0.011617
0.1375,-0.012778
0.15,-0.01394
0.1625,-0.015102
0.1666,-0.015483
0.175,-0.016263
0.1875,-0.017425
0.2,-0.018587
0.2125,-0.019748
0.225,-0.02091
0.2375,-0.022072
0.25,-0.023233
0.25,-0.023233
0.2625,-0.024098
0.275,-0.024962
0.2875,-0.025826
0.3,-0.026691
0.3125,-0.027555
0.325,-0.028419
0.3375,-0.029284
0.35,-0.030148
0.3625,-0.031012
0.375,-0.031876
0.3875,-0.032741
0.4,-0.033605
0.4125,-0.034469
0.425,-0.035334
0.4375,-0.036198
0.45,-0.037062
0.4625,-0.037927
0.475,-0.038791
0.4875,-0.039655
0.5,-0.040519
0.5,-0.040519
0.5125,-0.040453
0.525,-0.040387
0.5375,-0.04032
0.55,-0.040254
0.5625,-0.040187
0.575,-0.040121
0.5875,-0.040054
0.6,-0.039988
0.6125,-0.039922
0.625,-0.039855
0.6375,-0.039789
0.65,-0.039722
0.6625,-0.039656
0.666,-0.039637
0.675,-0.039589
0.6875,-0.039523
0.7,-0.039457
0.7125,-0.03939
0.725,-0.039324
0.7375,-0.039257
0.75,-0.039191
0.75,-0.039191
0.7625,-0.037231
0.775,-0.035272
0.7875,-0.033312
0.8,-0.031353
0.8125,-0.029393
0.825,-0.027434
0.8375,-0.025474
0.85,-0.023515
0.8625,-0.021555
0.875,-0.019595
0.8875,-0.017636
0.9,-0.015676
0.9125,-0.013717
0.925,-0.011757
0.9375,-0.0097977
0.95,-0.0078382
0.9625,-0.0058786
0.975,-0.0039191
0.9875,-0.0019595
1,0
