0,0
0.0125,-0.0012142
0.025,-0.0024236
0.0375,-0.0036283
0.05,-0.0048281
0.0625,-0.0060232
0.075,-0.0072135
0.0875,-0.008399
0.1,-0.0095797
0.1125,-0.010756
0.125,-0.011927
0.1375,-0.013093
0.15,-0.014255
0.1625,-0.015411
0.1666,-0.01579
0.175,-0.016563
0.1875,-0.017711
0.2,-0.018853
0.2125,-0.019991
0.225,-0.021124
0.2375,-0.022252
0.25,-0.023375
0.25,-0.023375
0.2625,-0.024507
0.275,-0.025611
0.2875,-0.026688
0.3,-0.027737
0.3125,-0.028758
0.325,-0.029752
0.3375,-0.030718
0.35,-0.031656
0.3625,-0.032567
0.375,-0.03345
0.3875,-0.034305
0.4,-0.035133
0.4125,-0.035933
0.425,-0.036706
0.4375,-0.037451
0.45,-0.038168
0.4625,-0.038857
0.475,-0.039519
0.4875,-0.040154
0.5,-0.04076
0.5,-0.04076
0.5125,-0.041341
0.525,-0.041854
0.5375,-0.042298
0.55,-0.042675
0.5625,-0.042983
0.575,-0.043222
0.5875,-0.043394
0.6,-0.043497
0.6125,-0.043533
0.625,-0.0435
0.6375,-0.043398
0.65,-0.043229
0.6625,-0.042991
0.666,-0.042912
0.675,-0.042685
0.6875,-0.042311
0.7,-0.041869
0.7125,-0.041358
0.725,-0.04078
0.7375,-0.040133
0.75,-0.039417
0.75,-0.039417
0.7625,-0.038624
0.775,-0.037707
0.7875,-0.036666
0.8,-0.035501
0.8125,-0.034212
0.825,-0.032799
0.8375,-0.031262
0.85,-0.029601
0.8625,-0.027816
0.875,-0.025907
0.8875,-0.023874
0.9,-0.021718
0.9125,-0.019437
0.925,-0.017032
0.9375,-0.014503
0.95,-0.011851
0.9625,-0.0090739
0.975,-0.0061732
0.9875,-0.0031486
1,0
