           x          rho            u            p
-4.99500e-01  1.00000e+00 -2.00000e+00  4.00000e-01
-4.98500e-01  1.00000e+00 -2.00000e+00  4.00000e-01
-4.97500e-01  1.00000e+00 -2.00000e+00  4.00000e-01
-4.96500e-01  1.00000e+00 -2.00000e+00  4.00000e-01
-4.95500e-01  1.00000e+00 -2.00000e+00  4.00000e-01
-4.94500e-01  1.00000e+00 -2.00000e+00  4.00000e-01
-4.93500e-01  1.00000e+00 -2.00000e+00  4.00000e-01
-4.92500e-01  1.00000e+00 -2.00000e+00  4.00000e-01
-4.91500e-01  1.00000e+00 -2.00000e+00  4.00000e-01
-4.90500e-01  1.00000e+00 -2.00000e+00  4.00000e-01
-4.89500e-01  1.00000e+00 -2.00000e+00  4.00000e-01
-4.88500e-01  1.00000e+00 -2.00000e+00  4.00000e-01
-4.87500e-01  1.00000e+00 -2.00000e+00  4.00000e-01
-4.86500e-01  1.00000e+00 -2.00000e+00  4.00000e-01
-4.85500e-01  1.00000e+00 -2.00000e+00  4.00000e-01
-4.84500e-01  1.00000e+00 -2.00000e+00  4.00000e-01
-4.83500e-01  1.00000e+00 -2.00000e+00  4.00000e-01
-4.82500e-01  1.00000e+00 -2.00000e+00  4.00000e-01
-4.81500e-01  1.00000e+00 -2.00000e+00  4.00000e-01
-4.80500e-01  1.00000e+00 -2.00000e+00  4.00000e-01
-4.79500e-01  1.00000e+00 -2.00000e+00  4.00000e-01
-4.78500e-01  1.00000e+00 -2.00000e+00  4.00000e-01
-4.77500e-01  1.00000e+00 -2.00000e+00  4.00000e-01
-4.76500e-01  1.00000e+00 -2.00000e+00  4.00000e-01
-4.75500e-01  1.00000e+00 -2.00000e+00  4.00000e-01
-4.74500e-01  1.00000e+00 -2.00000e+00  4.00000e-01
-4.73500e-01  1.00000e+00 -2.00000e+00  4.00000e-01
-4.72500e-01  1.00000e+00 -2.00000e+00  4.00000e-01
-4.71500e-01  1.00000e+00 -2.00000e+00  4.00000e-01
-4.70500e-01  1.00000e+00 -2.00000e+00  4.00000e-01
-4.69500e-01  1.00000e+00 -2.00000e+00  4.00000e-01
-4.68500e-01  1.00000e+00 -2.00000e+00  4.00000e-01
-4.67500e-01  1.00000e+00 -2.00000e+00  4.00000e-01
-4.66500e-01  1.00000e+00 -2.00000e+00  4.00000e-01
-4.65500e-01  1.00000e+00 -2.00000e+00  4.00000e-01
-4.64500e-01  1.00000e+00 -2.00000e+00  4.00000e-01
-4.63500e-01  1.00000e+00 -2.00000e+00  4.00000e-01
-4.62500e-01  1.00000e+00 -2.00000e+00  4.00000e-01
-4.61500e-01  1.00000e+00 -2.00000e+00  4.00000e-01
-4.60500e-01  1.00000e+00 -2.00000e+00  4.00000e-01
-4.59500e-01  1.00000e+00 -2.00000e+00  4.00000e-01
-4.58500e-01  1.00000e+00 -2.00000e+00  4.00000e-01
-4.57500e-01  1.00000e+00 -2.00000e+00  4.00000e-01
-4.56500e-01  1.00000e+00 -2.00000e+00  4.00000e-01
-4.55500e-01  1.00000e+00 -2.00000e+00  4.00000e-01
-4.54500e-01  1.00000e+00 -2.00000e+00  4.00000e-01
-4.53500e-01  1.00000e+00 -2.00000e+00  4.00000e-01
-4.52500e-01  1.00000e+00 -2.00000e+00  4.00000e-01
-4.51500e-01  1.00000e+00 -2.00000e+00  4.00000e-01
-4.50500e-01  1.00000e+00 -2.00000e+00  4.00000e-01
-4.49500e-01  1.00000e+00 -2.00000e+00  4.00000e-01
-4.48500e-01  1.00000e+00 -2.00000e+00  4.00000e-01
-4.47500e-01  1.00000e+00 -2.00000e+00  4.00000e-01
-4.46500e-01  1.00000e+00 -2.00000e+00  4.00000e-01
-4.45500e-01  1.00000e+00 -2.00000e+00  4.00000e-01
-4.44500e-01  1.00000e+00 -2.00000e+00  4.00000e-01
-4.43500e-01  1.00000e+00 -2.00000e+00  4.00000e-01
-4.42500e-01  1.00000e+00 -2.00000e+00  4.00000e-01
-4.41500e-01  1.00000e+00 -2.00000e+00  4.00000e-01
-4.40500e-01  1.00000e+00 -2.00000e+00  4.00000e-01
-4.39500e-01  1.00000e+00 -2.00000e+00  4.00000e-01
-4.38500e-01  1.00000e+00 -2.00000e+00  4.00000e-01
-4.37500e-01  1.00000e+00 -2.00000e+00  4.00000e-01
-4.36500e-01  1.00000e+00 -2.00000e+00  4.00000e-01
-4.35500e-01  1.00000e+00 -2.00000e+00  4.00000e-01
-4.34500e-01  1.00000e+00 -2.00000e+00  4.00000e-01
-4.33500e-01  1.00000e+00 -2.00000e+00  4.00000e-01
-4.32500e-01  1.00000e+00 -2.00000e+00  4.00000e-01
-4.31500e-01  1.00000e+00 -2.00000e+00  4.00000e-01
-4.30500e-01  1.00000e+00 -2.00000e+00  4.00000e-01
-4.29500e-01  1.00000e+00 -2.00000e+00  4.00000e-01
-4.28500e-01  1.00000e+00 -2.00000e+00  4.00000e-01
-4.27500e-01  1.00000e+00 -2.00000e+00  4.00000e-01
-4.26500e-01  1.00000e+00 -2.00000e+00  4.00000e-01
-4.25500e-01  1.00000e+00 -2.00000e+00  4.00000e-01
-4.24500e-01  1.00000e+00 -2.00000e+00  4.00000e-01
-4.23500e-01  1.00000e+00 -2.00000e+00  4.00000e-01
-4.22500e-01  1.00000e+00 -2.00000e+00  4.00000e-01
-4.21500e-01  1.00000e+00 -2.00000e+00  4.00000e-01
-4.20500e-01  1.00000e+00 -2.00000e+00  4.00000e-01
-4.19500e-01  1.00000e+00 -2.00000e+00  4.00000e-01
-4.18500e-01  1.00000e+00 -2.00000e+00  4.00000e-01
-4.17500e-01  1.00000e+00 -2.00000e+00  4.00000e-01
-4.16500e-01  1.00000e+00 -2.00000e+00  4.00000e-01
-4.15500e-01  1.00000e+00 -2.00000e+00  4.00000e-01
-4.14500e-01  1.00000e+00 -2.00000e+00  4.00000e-01
-4.13500e-01  1.00000e+00 -2.00000e+00  4.00000e-01
-4.12500e-01  1.00000e+00 -2.00000e+00  4.00000e-01
-4.11500e-01  9.94447e-01 -1.99583e+00  3.96893e-01
-4.10500e-01  9.87078e-01 -1.99028e+00  3.92782e-01
-4.09500e-01  9.79752e-01 -1.98472e+00  3.88707e-01
-4.08500e-01  9.72471e-01 -1.97917e+00  3.84669e-01
-4.07500e-01  9.65232e-01 -1.97361e+00  3.80666e-01
-4.06500e-01  9.58037e-01 -1.96806e+00  3.76700e-01
-4.05500e-01  9.50885e-01 -1.96250e+00  3.72768e-01
-4.04500e-01  9.43776e-01 -1.95695e+00  3.68872e-01
-4.03500e-01  9.36709e-01 -1.95139e+00  3.65011e-01
-4.02500e-01  9.29684e-01 -1.94583e+00  3.61185e-01
-4.01500e-01  9.22702e-01 -1.94028e+00  3.57393e-01
-4.00500e-01  9.15762e-01 -1.93472e+00  3.53635e-01
-3.99500e-01  9.08864e-01 -1.92917e+00  3.49911e-01
-3.98500e-01  9.02007e-01 -1.92361e+00  3.46221e-01
-3.97500e-01  8.95191e-01 -1.91806e+00  3.42564e-01
-3.96500e-01  8.88417e-01 -1.91250e+00  3.38941e-01
-3.95500e-01  8.81684e-01 -1.90695e+00  3.35350e-01
-3.94500e-01  8.74992e-01 -1.90139e+00  3.31792e-01
-3.93500e-01  8.68341e-01 -1.89583e+00  3.28266e-01
-3.92500e-01  8.61730e-01 -1.89028e+00  3.24773e-01
-3.91500e-01  8.55160e-01 -1.88472e+00  3.21311e-01
-3.90500e-01  8.48629e-01 -1.87917e+00  3.17881e-01
-3.89500e-01  8.42139e-01 -1.87361e+00  3.14483e-01
-3.88500e-01  8.35688e-01 -1.86806e+00  3.11116e-01
-3.87500e-01  8.29277e-01 -1.86250e+00  3.07779e-01
-3.86500e-01  8.22905e-01 -1.85695e+00  3.04474e-01
-3.85500e-01  8.16573e-01 -1.85139e+00  3.01199e-01
-3.84500e-01  8.10279e-01 -1.84583e+00  2.97954e-01
-3.83500e-01  8.04025e-01 -1.84028e+00  2.94739e-01
-3.82500e-01  7.97809e-01 -1.83472e+00  2.91554e-01
-3.81500e-01  7.91632e-01 -1.82917e+00  2.88398e-01
-3.80500e-01  7.85493e-01 -1.82361e+00  2.85272e-01
-3.79500e-01  7.79392e-01 -1.81806e+00  2.82175e-01
-3.78500e-01  7.73329e-01 -1.81250e+00  2.79106e-01
-3.77500e-01  7.67304e-01 -1.80695e+00  2.76067e-01
-3.76500e-01  7.61316e-01 -1.80139e+00  2.73056e-01
-3.75500e-01  7.55366e-01 -1.79583e+00  2.70072e-01
-3.74500e-01  7.49453e-01 -1.79028e+00  2.67117e-01
-3.73500e-01  7.43577e-01 -1.78472e+00  2.64190e-01
-3.72500e-01  7.37739e-01 -1.77917e+00  2.61290e-01
-3.71500e-01  7.31936e-01 -1.77361e+00  2.58418e-01
-3.70500e-01  7.26171e-01 -1.76806e+00  2.55573e-01
-3.69500e-01  7.20442e-01 -1.76250e+00  2.52754e-01
-3.68500e-01  7.14749e-01 -1.75695e+00  2.49962e-01
-3.67500e-01  7.09092e-01 -1.75139e+00  2.47197e-01
-3.66500e-01  7.03471e-01 -1.74583e+00  2.44458e-01
-3.65500e-01  6.97886e-01 -1.74028e+00  2.41745e-01
-3.64500e-01  6.92336e-01 -1.73472e+00  2.39058e-01
-3.63500e-01  6.86821e-01 -1.72917e+00  2.36397e-01
-3.62500e-01  6.81342e-01 -1.72361e+00  2.33761e-01
-3.61500e-01  6.75898e-01 -1.71806e+00  2.31150e-01
-3.60500e-01  6.70489e-01 -1.71250e+00  2.28564e-01
-3.59500e-01  6.65114e-01 -1.70695e+00  2.26003e-01
-3.58500e-01  6.59774e-01 -1.70139e+00  2.23467e-01
-3.57500e-01  6.54468e-01 -1.69583e+00  2.20955e-01
-3.56500e-01  6.49197e-01 -1.69028e+00  2.18467e-01
-3.55500e-01  6.43959e-01 -1.68472e+00  2.16004e-01
-3.54500e-01  6.38755e-01 -1.67917e+00  2.13564e-01
-3.53500e-01  6.33585e-01 -1.67361e+00  2.11148e-01
-3.52500e-01  6.28449e-01 -1.66806e+00  2.08756e-01
-3.51500e-01  6.23346e-01 -1.66250e+00  2.06386e-01
-3.50500e-01  6.18276e-01 -1.65695e+00  2.04040e-01
-3.49500e-01  6.13239e-01 -1.65139e+00  2.01717e-01
-3.48500e-01  6.08235e-01 -1.64583e+00  1.99416e-01
-3.47500e-01  6.03264e-01 -1.64028e+00  1.97138e-01
-3.46500e-01  5.98325e-01 -1.63472e+00  1.94882e-01
-3.45500e-01  5.93419e-01 -1.62917e+00  1.92649e-01
-3.44500e-01  5.88545e-01 -1.62361e+00  1.90437e-01
-3.43500e-01  5.83703e-01 -1.61806e+00  1.88247e-01
-3.42500e-01  5.78893e-01 -1.61250e+00  1.86079e-01
-3.41500e-01  5.74114e-01 -1.60695e+00  1.83932e-01
-3.40500e-01  5.69368e-01 -1.60139e+00  1.81807e-01
-3.39500e-01  5.64652e-01 -1.59583e+00  1.79702e-01
-3.38500e-01  5.59969e-01 -1.59028e+00  1.77619e-01
-3.37500e-01  5.55316e-01 -1.58472e+00  1.75556e-01
-3.36500e-01  5.50694e-01 -1.57917e+00  1.73514e-01
-3.35500e-01  5.46103e-01 -1.57361e+00  1.71492e-01
-3.34500e-01  5.41543e-01 -1.56806e+00  1.69491e-01
-3.33500e-01  5.37013e-01 -1.56250e+00  1.67509e-01
-3.32500e-01  5.32513e-01 -1.55695e+00  1.65547e-01
-3.31500e-01  5.28044e-01 -1.55139e+00  1.63606e-01
-3.30500e-01  5.23605e-01 -1.54583e+00  1.61683e-01
-3.29500e-01  5.19196e-01 -1.54028e+00  1.59780e-01
-3.28500e-01  5.14816e-01 -1.53472e+00  1.57897e-01
-3.27500e-01  5.10466e-01 -1.52917e+00  1.56032e-01
-3.26500e-01  5.06146e-01 -1.52361e+00  1.54186e-01
-3.25500e-01  5.01854e-01 -1.51806e+00  1.52359e-01
-3.24500e-01  4.97592e-01 -1.51250e+00  1.50551e-01
-3.23500e-01  4.93359e-01 -1.50695e+00  1.48761e-01
-3.22500e-01  4.89155e-01 -1.50139e+00  1.46989e-01
-3.21500e-01  4.84980e-01 -1.49583e+00  1.45236e-01
-3.20500e-01  4.80833e-01 -1.49028e+00  1.43500e-01
-3.19500e-01  4.76714e-01 -1.48472e+00  1.41782e-01
-3.18500e-01  4.72624e-01 -1.47917e+00  1.40082e-01
-3.17500e-01  4.68562e-01 -1.47361e+00  1.38399e-01
-3.16500e-01  4.64528e-01 -1.46806e+00  1.36734e-01
-3.15500e-01  4.60522e-01 -1.46250e+00  1.35086e-01
-3.14500e-01  4.56543e-01 -1.45695e+00  1.33455e-01
-3.13500e-01  4.52592e-01 -1.45139e+00  1.31841e-01
-3.12500e-01  4.48669e-01 -1.44583e+00  1.30243e-01
-3.11500e-01  4.44772e-01 -1.44028e+00  1.28663e-01
-3.10500e-01  4.40903e-01 -1.43472e+00  1.27098e-01
-3.09500e-01  4.37061e-01 -1.42917e+00  1.25550e-01
-3.08500e-01  4.33245e-01 -1.42361e+00  1.24019e-01
-3.07500e-01  4.29456e-01 -1.41806e+00  1.22503e-01
-3.06500e-01  4.25694e-01 -1.41250e+00  1.21003e-01
-3.05500e-01  4.21958e-01 -1.40695e+00  1.19519e-01
-3.04500e-01  4.18249e-01 -1.40139e+00  1.18051e-01
-3.03500e-01  4.14566e-01 -1.39583e+00  1.16598e-01
-3.02500e-01  4.10908e-01 -1.39028e+00  1.15160e-01
-3.01500e-01  4.07277e-01 -1.38472e+00  1.13738e-01
-3.00500e-01  4.03671e-01 -1.37917e+00  1.12331e-01
-2.99500e-01  4.00091e-01 -1.37361e+00  1.10938e-01
-2.98500e-01  3.96536e-01 -1.36806e+00  1.09561e-01
-2.97500e-01  3.93006e-01 -1.36250e+00  1.08198e-01
-2.96500e-01  3.89502e-01 -1.35695e+00  1.06850e-01
-2.95500e-01  3.86023e-01 -1.35139e+00  1.05516e-01
-2.94500e-01  3.82569e-01 -1.34583e+00  1.04196e-01
-2.93500e-01  3.79139e-01 -1.34028e+00  1.02891e-01
-2.92500e-01  3.75734e-01 -1.33472e+00  1.01600e-01
-2.91500e-01  3.72354e-01 -1.32917e+00  1.00322e-01
-2.90500e-01  3.68998e-01 -1.32361e+00  9.90588e-02
-2.89500e-01  3.65666e-01 -1.31806e+00  9.78089e-02
-2.88500e-01  3.62358e-01 -1.31250e+00  9.65725e-02
-2.87500e-01  3.59074e-01 -1.30695e+00  9.53495e-02
-2.86500e-01  3.55815e-01 -1.30139e+00  9.41398e-02
-2.85500e-01  3.52578e-01 -1.29583e+00  9.29433e-02
-2.84500e-01  3.49366e-01 -1.29028e+00  9.17599e-02
-2.83500e-01  3.46177e-01 -1.28472e+00  9.05894e-02
-2.82500e-01  3.43011e-01 -1.27917e+00  8.94317e-02
-2.81500e-01  3.39869e-01 -1.27361e+00  8.82867e-02
-2.80500e-01  3.36749e-01 -1.26806e+00  8.71543e-02
-2.79500e-01  3.33653e-01 -1.26250e+00  8.60344e-02
-2.78500e-01  3.30579e-01 -1.25695e+00  8.49269e-02
-2.77500e-01  3.27528e-01 -1.25139e+00  8.38315e-02
-2.76500e-01  3.24499e-01 -1.24583e+00  8.27484e-02
-2.75500e-01  3.21493e-01 -1.24028e+00  8.16772e-02
-2.74500e-01  3.18510e-01 -1.23472e+00  8.06179e-02
-2.73500e-01  3.15548e-01 -1.22917e+00  7.95705e-02
-2.72500e-01  3.12609e-01 -1.22361e+00  7.85347e-02
-2.71500e-01  3.09691e-01 -1.21806e+00  7.75105e-02
-2.70500e-01  3.06796e-01 -1.21250e+00  7.64978e-02
-2.69500e-01  3.03922e-01 -1.20695e+00  7.54964e-02
-2.68500e-01  3.01069e-01 -1.20139e+00  7.45063e-02
-2.67500e-01  2.98238e-01 -1.19583e+00  7.35274e-02
-2.66500e-01  2.95429e-01 -1.19028e+00  7.25595e-02
-2.65500e-01  2.92640e-01 -1.18472e+00  7.16025e-02
-2.64500e-01  2.89873e-01 -1.17917e+00  7.06564e-02
-2.63500e-01  2.87127e-01 -1.17361e+00  6.97210e-02
-2.62500e-01  2.84401e-01 -1.16806e+00  6.87962e-02
-2.61500e-01  2.81697e-01 -1.16250e+00  6.78820e-02
-2.60500e-01  2.79013e-01 -1.15695e+00  6.69782e-02
-2.59500e-01  2.76349e-01 -1.15139e+00  6.60847e-02
-2.58500e-01  2.73706e-01 -1.14583e+00  6.52015e-02
-2.57500e-01  2.71083e-01 -1.14028e+00  6.43284e-02
-2.56500e-01  2.68480e-01 -1.13472e+00  6.34654e-02
-2.55500e-01  2.65897e-01 -1.12917e+00  6.26123e-02
-2.54500e-01  2.63334e-01 -1.12361e+00  6.17690e-02
-2.53500e-01  2.60791e-01 -1.11806e+00  6.09355e-02
-2.52500e-01  2.58268e-01 -1.11250e+00  6.01117e-02
-2.51500e-01  2.55764e-01 -1.10695e+00  5.92974e-02
-2.50500e-01  2.53280e-01 -1.10139e+00  5.84926e-02
-2.49500e-01  2.50815e-01 -1.09583e+00  5.76972e-02
-2.48500e-01  2.48369e-01 -1.09028e+00  5.69111e-02
-2.47500e-01  2.45942e-01 -1.08472e+00  5.61341e-02
-2.46500e-01  2.43535e-01 -1.07917e+00  5.53663e-02
-2.45500e-01  2.41146e-01 -1.07361e+00  5.46075e-02
-2.44500e-01  2.38776e-01 -1.06806e+00  5.38576e-02
-2.43500e-01  2.36425e-01 -1.06250e+00  5.31166e-02
-2.42500e-01  2.34092e-01 -1.05695e+00  5.23843e-02
-2.41500e-01  2.31778e-01 -1.05139e+00  5.16607e-02
-2.40500e-01  2.29482e-01 -1.04583e+00  5.09457e-02
-2.39500e-01  2.27204e-01 -1.04028e+00  5.02392e-02
-2.38500e-01  2.24944e-01 -1.03472e+00  4.95411e-02
-2.37500e-01  2.22703e-01 -1.02917e+00  4.88513e-02
-2.36500e-01  2.20479e-01 -1.02361e+00  4.81698e-02
-2.35500e-01  2.18273e-01 -1.01806e+00  4.74964e-02
-2.34500e-01  2.16085e-01 -1.01250e+00  4.68312e-02
-2.33500e-01  2.13915e-01 -1.00695e+00  4.61739e-02
-2.32500e-01  2.11761e-01 -1.00139e+00  4.55245e-02
-2.31500e-01  2.09626e-01 -9.95835e-01  4.48830e-02
-2.30500e-01  2.07507e-01 -9.90279e-01  4.42493e-02
-2.29500e-01  2.05406e-01 -9.84724e-01  4.36232e-02
-2.28500e-01  2.03322e-01 -9.79168e-01  4.30048e-02
-2.27500e-01  2.01254e-01 -9.73613e-01  4.23939e-02
-2.26500e-01  1.99204e-01 -9.68057e-01  4.17904e-02
-2.25500e-01  1.97170e-01 -9.62502e-01  4.11943e-02
-2.24500e-01  1.95153e-01 -9.56946e-01  4.06055e-02
-2.23500e-01  1.93152e-01 -9.51390e-01  4.00240e-02
-2.22500e-01  1.91168e-01 -9.45835e-01  3.94496e-02
-2.21500e-01  1.89201e-01 -9.40279e-01  3.88823e-02
-2.20500e-01  1.87249e-01 -9.34724e-01  3.83220e-02
-2.19500e-01  1.85314e-01 -9.29168e-01  3.77686e-02
-2.18500e-01  1.83394e-01 -9.23613e-01  3.72221e-02
-2.17500e-01  1.81491e-01 -9.18057e-01  3.66823e-02
-2.16500e-01  1.79603e-01 -9.12502e-01  3.61493e-02
-2.15500e-01  1.77732e-01 -9.06946e-01  3.56230e-02
-2.14500e-01  1.75875e-01 -9.01390e-01  3.51032e-02
-2.13500e-01  1.74035e-01 -8.95835e-01  3.45900e-02
-2.12500e-01  1.72210e-01 -8.90279e-01  3.40832e-02
-2.11500e-01  1.70400e-01 -8.84724e-01  3.35827e-02
-2.10500e-01  1.68605e-01 -8.79168e-01  3.30886e-02
-2.09500e-01  1.66826e-01 -8.73613e-01  3.26008e-02
-2.08500e-01  1.65061e-01 -8.68057e-01  3.21191e-02
-2.07500e-01  1.63312e-01 -8.62502e-01  3.16435e-02
-2.06500e-01  1.61577e-01 -8.56946e-01  3.11740e-02
-2.05500e-01  1.59857e-01 -8.51390e-01  3.07104e-02
-2.04500e-01  1.58152e-01 -8.45835e-01  3.02528e-02
-2.03500e-01  1.56462e-01 -8.40279e-01  2.98010e-02
-2.02500e-01  1.54786e-01 -8.34724e-01  2.93550e-02
-2.01500e-01  1.53124e-01 -8.29168e-01  2.89148e-02
-2.00500e-01  1.51477e-01 -8.23613e-01  2.84802e-02
-1.99500e-01  1.49843e-01 -8.18057e-01  2.80513e-02
-1.98500e-01  1.48224e-01 -8.12502e-01  2.76279e-02
-1.97500e-01  1.46619e-01 -8.06946e-01  2.72099e-02
-1.96500e-01  1.45028e-01 -8.01390e-01  2.67975e-02
-1.95500e-01  1.43451e-01 -7.95835e-01  2.63903e-02
-1.94500e-01  1.41888e-01 -7.90279e-01  2.59885e-02
-1.93500e-01  1.40338e-01 -7.84724e-01  2.55920e-02
-1.92500e-01  1.38801e-01 -7.79168e-01  2.52006e-02
-1.91500e-01  1.37279e-01 -7.73613e-01  2.48144e-02
-1.90500e-01  1.35769e-01 -7.68057e-01  2.44333e-02
-1.89500e-01  1.34273e-01 -7.62502e-01  2.40572e-02
-1.88500e-01  1.32790e-01 -7.56946e-01  2.36861e-02
-1.87500e-01  1.31321e-01 -7.51390e-01  2.33199e-02
-1.86500e-01  1.29864e-01 -7.45835e-01  2.29585e-02
-1.85500e-01  1.28420e-01 -7.40279e-01  2.26020e-02
-1.84500e-01  1.26989e-01 -7.34724e-01  2.22502e-02
-1.83500e-01  1.25571e-01 -7.29168e-01  2.19031e-02
-1.82500e-01  1.24166e-01 -7.23613e-01  2.15607e-02
-1.81500e-01  1.22773e-01 -7.18057e-01  2.12229e-02
-1.80500e-01  1.21393e-01 -7.12502e-01  2.08896e-02
-1.79500e-01  1.20025e-01 -7.06946e-01  2.05608e-02
-1.78500e-01  1.18670e-01 -7.01390e-01  2.02365e-02
-1.77500e-01  1.17327e-01 -6.95835e-01  1.99166e-02
-1.76500e-01  1.15996e-01 -6.90279e-01  1.96010e-02
-1.75500e-01  1.14677e-01 -6.84724e-01  1.92897e-02
-1.74500e-01  1.13370e-01 -6.79168e-01  1.89826e-02
-1.73500e-01  1.12075e-01 -6.73613e-01  1.86798e-02
-1.72500e-01  1.10792e-01 -6.68057e-01  1.83811e-02
-1.71500e-01  1.09521e-01 -6.62502e-01  1.80865e-02
-1.70500e-01  1.08261e-01 -6.56946e-01  1.77959e-02
-1.69500e-01  1.07013e-01 -6.51390e-01  1.75094e-02
-1.68500e-01  1.05777e-01 -6.45835e-01  1.72268e-02
-1.67500e-01  1.04552e-01 -6.40279e-01  1.69482e-02
-1.66500e-01  1.03338e-01 -6.34724e-01  1.66734e-02
-1.65500e-01  1.02136e-01 -6.29168e-01  1.64025e-02
-1.64500e-01  1.00945e-01 -6.23613e-01  1.61353e-02
-1.63500e-01  9.97648e-02 -6.18057e-01  1.58719e-02
-1.62500e-01  9.85959e-02 -6.12502e-01  1.56121e-02
-1.61500e-01  9.74380e-02 -6.06946e-01  1.53561e-02
-1.60500e-01  9.62910e-02 -6.01390e-01  1.51036e-02
-1.59500e-01  9.51548e-02 -5.95835e-01  1.48547e-02
-1.58500e-01  9.40294e-02 -5.90279e-01  1.46093e-02
-1.57500e-01  9.29147e-02 -5.84724e-01  1.43674e-02
-1.56500e-01  9.18105e-02 -5.79168e-01  1.41289e-02
-1.55500e-01  9.07169e-02 -5.73613e-01  1.38939e-02
-1.54500e-01  8.96337e-02 -5.68057e-01  1.36622e-02
-1.53500e-01  8.85609e-02 -5.62502e-01  1.34338e-02
-1.52500e-01  8.74984e-02 -5.56946e-01  1.32087e-02
-1.51500e-01  8.64461e-02 -5.51390e-01  1.29868e-02
-1.50500e-01  8.54040e-02 -5.45835e-01  1.27682e-02
-1.49500e-01  8.43719e-02 -5.40279e-01  1.25527e-02
-1.48500e-01  8.33498e-02 -5.34724e-01  1.23403e-02
-1.47500e-01  8.23377e-02 -5.29168e-01  1.21310e-02
-1.46500e-01  8.13354e-02 -5.23613e-01  1.19248e-02
-1.45500e-01  8.03429e-02 -5.18057e-01  1.17216e-02
-1.44500e-01  7.93602e-02 -5.12502e-01  1.15214e-02
-1.43500e-01  7.83870e-02 -5.06946e-01  1.13241e-02
-1.42500e-01  7.74235e-02 -5.01390e-01  1.11297e-02
-1.41500e-01  7.64694e-02 -4.95835e-01  1.09381e-02
-1.40500e-01  7.55247e-02 -4.90279e-01  1.07494e-02
-1.39500e-01  7.45895e-02 -4.84724e-01  1.05635e-02
-1.38500e-01  7.36635e-02 -4.79168e-01  1.03804e-02
-1.37500e-01  7.27467e-02 -4.73613e-01  1.02000e-02
-1.36500e-01  7.18391e-02 -4.68057e-01  1.00222e-02
-1.35500e-01  7.09405e-02 -4.62502e-01  9.84719e-03
-1.34500e-01  7.00510e-02 -4.56946e-01  9.67476e-03
-1.33500e-01  6.91704e-02 -4.51390e-01  9.50492e-03
-1.32500e-01  6.82987e-02 -4.45835e-01  9.33765e-03
-1.31500e-01  6.74358e-02 -4.40279e-01  9.17291e-03
-1.30500e-01  6.65817e-02 -4.34724e-01  9.01066e-03
-1.29500e-01  6.57362e-02 -4.29168e-01  8.85088e-03
-1.28500e-01  6.48993e-02 -4.23613e-01  8.69353e-03
-1.27500e-01  6.40710e-02 -4.18057e-01  8.53859e-03
-1.26500e-01  6.32512e-02 -4.12502e-01  8.38602e-03
-1.25500e-01  6.24398e-02 -4.06946e-01  8.23580e-03
-1.24500e-01  6.16367e-02 -4.01390e-01  8.08788e-03
-1.23500e-01  6.08419e-02 -3.95835e-01  7.94225e-03
-1.22500e-01  6.00553e-02 -3.90279e-01  7.79888e-03
-1.21500e-01  5.92769e-02 -3.84724e-01  7.65772e-03
-1.20500e-01  5.85066e-02 -3.79168e-01  7.51877e-03
-1.19500e-01  5.77443e-02 -3.73613e-01  7.38198e-03
-1.18500e-01  5.69900e-02 -3.68057e-01  7.24732e-03
-1.17500e-01  5.62435e-02 -3.62502e-01  7.11478e-03
-1.16500e-01  5.55050e-02 -3.56946e-01  6.98432e-03
-1.15500e-01  5.47742e-02 -3.51390e-01  6.85592e-03
-1.14500e-01  5.40511e-02 -3.45835e-01  6.72955e-03
-1.13500e-01  5.33356e-02 -3.40279e-01  6.60518e-03
-1.12500e-01  5.26278e-02 -3.34724e-01  6.48278e-03
-1.11500e-01  5.19275e-02 -3.29168e-01  6.36234e-03
-1.10500e-01  5.12347e-02 -3.23613e-01  6.24381e-03
-1.09500e-01  5.05493e-02 -3.18057e-01  6.12719e-03
-1.08500e-01  4.98712e-02 -3.12502e-01  6.01243e-03
-1.07500e-01  4.92005e-02 -3.06946e-01  5.89953e-03
-1.06500e-01  4.85370e-02 -3.01390e-01  5.78844e-03
-1.05500e-01  4.78806e-02 -2.95835e-01  5.67915e-03
-1.04500e-01  4.72314e-02 -2.90279e-01  5.57164e-03
-1.03500e-01  4.65892e-02 -2.84724e-01  5.46588e-03
-1.02500e-01  4.59541e-02 -2.79168e-01  5.36184e-03
-1.01500e-01  4.53259e-02 -2.73613e-01  5.25950e-03
-1.00500e-01  4.47046e-02 -2.68057e-01  5.15884e-03
-9.95000e-02  4.40901e-02 -2.62502e-01  5.05984e-03
-9.85000e-02  4.34823e-02 -2.56946e-01  4.96247e-03
-9.75000e-02  4.28814e-02 -2.51390e-01  4.86671e-03
-9.65000e-02  4.22870e-02 -2.45835e-01  4.77254e-03
-9.55000e-02  4.16993e-02 -2.40279e-01  4.67994e-03
-9.45000e-02  4.11181e-02 -2.34724e-01  4.58888e-03
-9.35000e-02  4.05435e-02 -2.29168e-01  4.49934e-03
-9.25000e-02  3.99752e-02 -2.23613e-01  4.41131e-03
-9.15000e-02  3.94134e-02 -2.18057e-01  4.32475e-03
-9.05000e-02  3.88579e-02 -2.12502e-01  4.23966e-03
-8.95000e-02  3.83087e-02 -2.06946e-01  4.15600e-03
-8.85000e-02  3.77657e-02 -2.01390e-01  4.07377e-03
-8.75000e-02  3.72289e-02 -1.95835e-01  3.99293e-03
-8.65000e-02  3.66982e-02 -1.90279e-01  3.91347e-03
-8.55000e-02  3.61735e-02 -1.84724e-01  3.83537e-03
-8.45000e-02  3.56549e-02 -1.79168e-01  3.75861e-03
-8.35000e-02  3.51423e-02 -1.73613e-01  3.68317e-03
-8.25000e-02  3.46356e-02 -1.68057e-01  3.60903e-03
-8.15000e-02  3.41347e-02 -1.62502e-01  3.53618e-03
-8.05000e-02  3.36396e-02 -1.56946e-01  3.46459e-03
-7.95000e-02  3.31503e-02 -1.51390e-01  3.39424e-03
-7.85000e-02  3.26667e-02 -1.45835e-01  3.32513e-03
-7.75000e-02  3.21888e-02 -1.40279e-01  3.25722e-03
-7.65000e-02  3.17165e-02 -1.34724e-01  3.19050e-03
-7.55000e-02  3.12497e-02 -1.29168e-01  3.12496e-03
-7.45000e-02  3.07885e-02 -1.23613e-01  3.06058e-03
-7.35000e-02  3.03327e-02 -1.18057e-01  2.99734e-03
-7.25000e-02  2.98823e-02 -1.12502e-01  2.93522e-03
-7.15000e-02  2.94373e-02 -1.06946e-01  2.87421e-03
-7.05000e-02  2.89977e-02 -1.01390e-01  2.81429e-03
-6.95000e-02  2.85632e-02 -9.58349e-02  2.75544e-03
-6.85000e-02  2.81340e-02 -9.02793e-02  2.69765e-03
-6.75000e-02  2.77100e-02 -8.47238e-02  2.64090e-03
-6.65000e-02  2.72911e-02 -7.91682e-02  2.58518e-03
-6.55000e-02  2.68773e-02 -7.36127e-02  2.53047e-03
-6.45000e-02  2.64686e-02 -6.80571e-02  2.47675e-03
-6.35000e-02  2.60648e-02 -6.25015e-02  2.42402e-03
-6.25000e-02  2.56659e-02 -5.69460e-02  2.37225e-03
-6.15000e-02  2.52720e-02 -5.13904e-02  2.32143e-03
-6.05000e-02  2.48829e-02 -4.58349e-02  2.27154e-03
-5.95000e-02  2.44986e-02 -4.02793e-02  2.22258e-03
-5.85000e-02  2.41191e-02 -3.47238e-02  2.17453e-03
-5.75000e-02  2.37443e-02 -2.91682e-02  2.12737e-03
-5.65000e-02  2.33741e-02 -2.36127e-02  2.08109e-03
-5.55000e-02  2.30086e-02 -1.80571e-02  2.03567e-03
-5.45000e-02  2.26477e-02 -1.25015e-02  1.99111e-03
-5.35000e-02  2.22914e-02 -6.94599e-03  1.94738e-03
-5.25000e-02  2.19395e-02 -1.39044e-03  1.90448e-03
-5.15000e-02  2.18521e-02  0.00000e+00  1.89387e-03
-5.05000e-02  2.18521e-02  0.00000e+00  1.89387e-03
-4.95000e-02  2.18521e-02  0.00000e+00  1.89387e-03
-4.85000e-02  2.18521e-02  0.00000e+00  1.89387e-03
-4.75000e-02  2.18521e-02  0.00000e+00  1.89387e-03
-4.65000e-02  2.18521e-02  0.00000e+00  1.89387e-03
-4.55000e-02  2.18521e-02  0.00000e+00  1.89387e-03
-4.45000e-02  2.18521e-02  0.00000e+00  1.89387e-03
-4.35000e-02  2.18521e-02  0.00000e+00  1.89387e-03
-4.25000e-02  2.18521e-02  0.00000e+00  1.89387e-03
-4.15000e-02  2.18521e-02  0.00000e+00  1.89387e-03
-4.05000e-02  2.18521e-02  0.00000e+00  1.89387e-03
-3.95000e-02  2.18521e-02  0.00000e+00  1.89387e-03
-3.85000e-02  2.18521e-02  0.00000e+00  1.89387e-03
-3.75000e-02  2.18521e-02  0.00000e+00  1.89387e-03
-3.65000e-02  2.18521e-02  0.00000e+00  1.89387e-03
-3.55000e-02  2.18521e-02  0.00000e+00  1.89387e-03
-3.45000e-02  2.18521e-02  0.00000e+00  1.89387e-03
-3.35000e-02  2.18521e-02  0.00000e+00  1.89387e-03
-3.25000e-02  2.18521e-02  0.00000e+00  1.89387e-03
-3.15000e-02  2.18521e-02  0.00000e+00  1.89387e-03
-3.05000e-02  2.18521e-02  0.00000e+00  1.89387e-03
-2.95000e-02  2.18521e-02  0.00000e+00  1.89387e-03
-2.85000e-02  2.18521e-02  0.00000e+00  1.89387e-03
-2.75000e-02  2.18521e-02  0.00000e+00  1.89387e-03
-2.65000e-02  2.18521e-02  0.00000e+00  1.89387e-03
-2.55000e-02  2.18521e-02  0.00000e+00  1.89387e-03
-2.45000e-02  2.18521e-02  0.00000e+00  1.89387e-03
-2.35000e-02  2.18521e-02  0.00000e+00  1.89387e-03
-2.25000e-02  2.18521e-02  0.00000e+00  1.89387e-03
-2.15000e-02  2.18521e-02  0.00000e+00  1.89387e-03
-2.05000e-02  2.18521e-02  0.00000e+00  1.89387e-03
-1.95000e-02  2.18521e-02  0.00000e+00  1.89387e-03
-1.85000e-02  2.18521e-02  0.00000e+00  1.89387e-03
-1.75000e-02  2.18521e-02  0.00000e+00  1.89387e-03
-1.65000e-02  2.18521e-02  0.00000e+00  1.89387e-03
-1.55000e-02  2.18521e-02  0.00000e+00  1.89387e-03
-1.45000e-02  2.18521e-02  0.00000e+00  1.89387e-03
-1.35000e-02  2.18521e-02  0.00000e+00  1.89387e-03
-1.25000e-02  2.18521e-02  0.00000e+00  1.89387e-03
-1.15000e-02  2.18521e-02  0.00000e+00  1.89387e-03
-1.05000e-02  2.18521e-02  0.00000e+00  1.89387e-03
-9.50000e-03  2.18521e-02  0.00000e+00  1.89387e-03
-8.50000e-03  2.18521e-02  0.00000e+00  1.89387e-03
-7.50000e-03  2.18521e-02  0.00000e+00  1.89387e-03
-6.50000e-03  2.18521e-02  0.00000e+00  1.89387e-03
-5.50000e-03  2.18521e-02  0.00000e+00  1.89387e-03
-4.50000e-03  2.18521e-02  0.00000e+00  1.89387e-03
-3.50000e-03  2.18521e-02  0.00000e+00  1.89387e-03
-2.50000e-03  2.18521e-02  0.00000e+00  1.89387e-03
-1.50000e-03  2.18521e-02  0.00000e+00  1.89387e-03
-5.00000e-04  2.18521e-02  0.00000e+00  1.89387e-03
 5.00000e-04  2.18521e-02  0.00000e+00  1.89387e-03
 1.50000e-03  2.18521e-02  0.00000e+00  1.89387e-03
 2.50000e-03  2.18521e-02  0.00000e+00  1.89387e-03
 3.50000e-03  2.18521e-02  0.00000e+00  1.89387e-03
 4.50000e-03  2.18521e-02  0.00000e+00  1.89387e-03
 5.50000e-03  2.18521e-02  0.00000e+00  1.89387e-03
 6.50000e-03  2.18521e-02  0.00000e+00  1.89387e-03
 7.50000e-03  2.18521e-02  0.00000e+00  1.89387e-03
 8.50000e-03  2.18521e-02  0.00000e+00  1.89387e-03
 9.50000e-03  2.18521e-02  0.00000e+00  1.89387e-03
 1.05000e-02  2.18521e-02  0.00000e+00  1.89387e-03
 1.15000e-02  2.18521e-02  0.00000e+00  1.89387e-03
 1.25000e-02  2.18521e-02  0.00000e+00  1.89387e-03
 1.35000e-02  2.18521e-02  0.00000e+00  1.89387e-03
 1.45000e-02  2.18521e-02  0.00000e+00  1.89387e-03
 1.55000e-02  2.18521e-02  0.00000e+00  1.89387e-03
 1.65000e-02  2.18521e-02  0.00000e+00  1.89387e-03
 1.75000e-02  2.18521e-02  0.00000e+00  1.89387e-03
 1.85000e-02  2.18521e-02  0.00000e+00  1.89387e-03
 1.95000e-02  2.18521e-02  0.00000e+00  1.89387e-03
 2.05000e-02  2.18521e-02  0.00000e+00  1.89387e-03
 2.15000e-02  2.18521e-02  0.00000e+00  1.89387e-03
 2.25000e-02  2.18521e-02  0.00000e+00  1.89387e-03
 2.35000e-02  2.18521e-02  0.00000e+00  1.89387e-03
 2.45000e-02  2.18521e-02  0.00000e+00  1.89387e-03
 2.55000e-02  2.18521e-02  0.00000e+00  1.89387e-03
 2.65000e-02  2.18521e-02  0.00000e+00  1.89387e-03
 2.75000e-02  2.18521e-02  0.00000e+00  1.89387e-03
 2.85000e-02  2.18521e-02  0.00000e+00  1.89387e-03
 2.95000e-02  2.18521e-02  0.00000e+00  1.89387e-03
 3.05000e-02  2.18521e-02  0.00000e+00  1.89387e-03
 3.15000e-02  2.18521e-02  0.00000e+00  1.89387e-03
 3.25000e-02  2.18521e-02  0.00000e+00  1.89387e-03
 3.35000e-02  2.18521e-02  0.00000e+00  1.89387e-03
 3.45000e-02  2.18521e-02  0.00000e+00  1.89387e-03
 3.55000e-02  2.18521e-02  0.00000e+00  1.89387e-03
 3.65000e-02  2.18521e-02  0.00000e+00  1.89387e-03
 3.75000e-02  2.18521e-02  0.00000e+00  1.89387e-03
 3.85000e-02  2.18521e-02  0.00000e+00  1.89387e-03
 3.95000e-02  2.18521e-02  0.00000e+00  1.89387e-03
 4.05000e-02  2.18521e-02  0.00000e+00  1.89387e-03
 4.15000e-02  2.18521e-02  0.00000e+00  1.89387e-03
 4.25000e-02  2.18521e-02  0.00000e+00  1.89387e-03
 4.35000e-02  2.18521e-02  0.00000e+00  1.89387e-03
 4.45000e-02  2.18521e-02  0.00000e+00  1.89387e-03
 4.55000e-02  2.18521e-02  0.00000e+00  1.89387e-03
 4.65000e-02  2.18521e-02  0.00000e+00  1.89387e-03
 4.75000e-02  2.18521e-02  0.00000e+00  1.89387e-03
 4.85000e-02  2.18521e-02  0.00000e+00  1.89387e-03
 4.95000e-02  2.18521e-02  0.00000e+00  1.89387e-03
 5.05000e-02  2.18521e-02  0.00000e+00  1.89387e-03
 5.15000e-02  2.18521e-02  0.00000e+00  1.89387e-03
 5.25000e-02  2.19395e-02  1.39044e-03  1.90448e-03
 5.35000e-02  2.22914e-02  6.94599e-03  1.94738e-03
 5.45000e-02  2.26477e-02  1.25015e-02  1.99111e-03
 5.55000e-02  2.30086e-02  1.80571e-02  2.03567e-03
 5.65000e-02  2.33741e-02  2.36127e-02  2.08109e-03
 5.75000e-02  2.37443e-02  2.91682e-02  2.12737e-03
 5.85000e-02  2.41191e-02  3.47238e-02  2.17453e-03
 5.95000e-02  2.44986e-02  4.02793e-02  2.22258e-03
 6.05000e-02  2.48829e-02  4.58349e-02  2.27154e-03
 6.15000e-02  2.52720e-02  5.13904e-02  2.32143e-03
 6.25000e-02  2.56659e-02  5.69460e-02  2.37225e-03
 6.35000e-02  2.60648e-02  6.25015e-02  2.42402e-03
 6.45000e-02  2.64686e-02  6.80571e-02  2.47675e-03
 6.55000e-02  2.68773e-02  7.36127e-02  2.53047e-03
 6.65000e-02  2.72911e-02  7.91682e-02  2.58518e-03
 6.75000e-02  2.77100e-02  8.47238e-02  2.64090e-03
 6.85000e-02  2.81340e-02  9.02793e-02  2.69765e-03
 6.95000e-02  2.85632e-02  9.58349e-02  2.75544e-03
 7.05000e-02  2.89977e-02  1.01390e-01  2.81429e-03
 7.15000e-02  2.94373e-02  1.06946e-01  2.87421e-03
 7.25000e-02  2.98823e-02  1.12502e-01  2.93522e-03
 7.35000e-02  3.03327e-02  1.18057e-01  2.99734e-03
 7.45000e-02  3.07885e-02  1.23613e-01  3.06058e-03
 7.55000e-02  3.12497e-02  1.29168e-01  3.12496e-03
 7.65000e-02  3.17165e-02  1.34724e-01  3.19050e-03
 7.75000e-02  3.21888e-02  1.40279e-01  3.25722e-03
 7.85000e-02  3.26667e-02  1.45835e-01  3.32513e-03
 7.95000e-02  3.31503e-02  1.51390e-01  3.39424e-03
 8.05000e-02  3.36396e-02  1.56946e-01  3.46459e-03
 8.15000e-02  3.41347e-02  1.62502e-01  3.53618e-03
 8.25000e-02  3.46356e-02  1.68057e-01  3.60903e-03
 8.35000e-02  3.51423e-02  1.73613e-01  3.68317e-03
 8.45000e-02  3.56549e-02  1.79168e-01  3.75861e-03
 8.55000e-02  3.61735e-02  1.84724e-01  3.83537e-03
 8.65000e-02  3.66982e-02  1.90279e-01  3.91347e-03
 8.75000e-02  3.72289e-02  1.95835e-01  3.99293e-03
 8.85000e-02  3.77657e-02  2.01390e-01  4.07377e-03
 8.95000e-02  3.83087e-02  2.06946e-01  4.15600e-03
 9.05000e-02  3.88579e-02  2.12502e-01  4.23966e-03
 9.15000e-02  3.94134e-02  2.18057e-01  4.32475e-03
 9.25000e-02  3.99752e-02  2.23613e-01  4.41131e-03
 9.35000e-02  4.05435e-02  2.29168e-01  4.49934e-03
 9.45000e-02  4.11181e-02  2.34724e-01  4.58888e-03
 9.55000e-02  4.16993e-02  2.40279e-01  4.67994e-03
 9.65000e-02  4.22870e-02  2.45835e-01  4.77254e-03
 9.75000e-02  4.28814e-02  2.51390e-01  4.86671e-03
 9.85000e-02  4.34823e-02  2.56946e-01  4.96247e-03
 9.95000e-02  4.40901e-02  2.62502e-01  5.05984e-03
 1.00500e-01  4.47046e-02  2.68057e-01  5.15884e-03
 1.01500e-01  4.53259e-02  2.73613e-01  5.25950e-03
 1.02500e-01  4.59541e-02  2.79168e-01  5.36184e-03
 1.03500e-01  4.65892e-02  2.84724e-01  5.46588e-03
 1.04500e-01  4.72314e-02  2.90279e-01  5.57164e-03
 1.05500e-01  4.78806e-02  2.95835e-01  5.67915e-03
 1.06500e-01  4.85370e-02  3.01390e-01  5.78844e-03
 1.07500e-01  4.92005e-02  3.06946e-01  5.89953e-03
 1.08500e-01  4.98712e-02  3.12502e-01  6.01243e-03
 1.09500e-01  5.05493e-02  3.18057e-01  6.12719e-03
 1.10500e-01  5.12347e-02  3.23613e-01  6.24381e-03
 1.11500e-01  5.19275e-02  3.29168e-01  6.36234e-03
 1.12500e-01  5.26278e-02  3.34724e-01  6.48278e-03
 1.13500e-01  5.33356e-02  3.40279e-01  6.60518e-03
 1.14500e-01  5.40511e-02  3.45835e-01  6.72955e-03
 1.15500e-01  5.47742e-02  3.51390e-01  6.85592e-03
 1.16500e-01  5.55050e-02  3.56946e-01  6.98432e-03
 1.17500e-01  5.62435e-02  3.62502e-01  7.11478e-03
 1.18500e-01  5.69900e-02  3.68057e-01  7.24732e-03
 1.19500e-01  5.77443e-02  3.73613e-01  7.38198e-03
 1.20500e-01  5.85066e-02  3.79168e-01  7.51877e-03
 1.21500e-01  5.92769e-02  3.84724e-01  7.65772e-03
 1.22500e-01  6.00553e-02  3.90279e-01  7.79888e-03
 1.23500e-01  6.08419e-02  3.95835e-01  7.94225e-03
 1.24500e-01  6.16367e-02  4.01390e-01  8.08788e-03
 1.25500e-01  6.24398e-02  4.06946e-01  8.23580e-03
 1.26500e-01  6.32512e-02  4.12502e-01  8.38602e-03
 1.27500e-01  6.40710e-02  4.18057e-01  8.53859e-03
 1.28500e-01  6.48993e-02  4.23613e-01  8.69353e-03
 1.29500e-01  6.57362e-02  4.29168e-01  8.85088e-03
 1.30500e-01  6.65817e-02  4.34724e-01  9.01066e-03
 1.31500e-01  6.74358e-02  4.40279e-01  9.17291e-03
 1.32500e-01  6.82987e-02  4.45835e-01  9.33765e-03
 1.33500e-01  6.91704e-02  4.51390e-01  9.50492e-03
 1.34500e-01  7.00510e-02  4.56946e-01  9.67476e-03
 1.35500e-01  7.09405e-02  4.62502e-01  9.84719e-03
 1.36500e-01  7.18391e-02  4.68057e-01  1.00222e-02
 1.37500e-01  7.27467e-02  4.73613e-01  1.02000e-02
 1.38500e-01  7.36635e-02  4.79168e-01  1.03804e-02
 1.39500e-01  7.45895e-02  4.84724e-01  1.05635e-02
 1.40500e-01  7.55247e-02  4.90279e-01  1.07494e-02
 1.41500e-01  7.64694e-02  4.95835e-01  1.09381e-02
 1.42500e-01  7.74235e-02  5.01390e-01  1.11297e-02
 1.43500e-01  7.83870e-02  5.06946e-01  1.13241e-02
 1.44500e-01  7.93602e-02  5.12502e-01  1.15214e-02
 1.45500e-01  8.03429e-02  5.18057e-01  1.17216e-02
 1.46500e-01  8.13354e-02  5.23613e-01  1.19248e-02
 1.47500e-01  8.23377e-02  5.29168e-01  1.21310e-02
 1.48500e-01  8.33498e-02  5.34724e-01  1.23403e-02
 1.49500e-01  8.43719e-02  5.40279e-01  1.25527e-02
 1.50500e-01  8.54040e-02  5.45835e-01  1.27682e-02
 1.51500e-01  8.64461e-02  5.51390e-01  1.29868e-02
 1.52500e-01  8.74984e-02  5.56946e-01  1.32087e-02
 1.53500e-01  8.85609e-02  5.62502e-01  1.34338e-02
 1.54500e-01  8.96337e-02  5.68057e-01  1.36622e-02
 1.55500e-01  9.07169e-02  5.73613e-01  1.38939e-02
 1.56500e-01  9.18105e-02  5.79168e-01  1.41289e-02
 1.57500e-01  9.29147e-02  5.84724e-01  1.43674e-02
 1.58500e-01  9.40294e-02  5.90279e-01  1.46093e-02
 1.59500e-01  9.51548e-02  5.95835e-01  1.48547e-02
 1.60500e-01  9.62910e-02  6.01390e-01  1.51036e-02
 1.61500e-01  9.74380e-02  6.06946e-01  1.53561e-02
 1.62500e-01  9.85959e-02  6.12502e-01  1.56121e-02
 1.63500e-01  9.97648e-02  6.18057e-01  1.58719e-02
 1.64500e-01  1.00945e-01  6.23613e-01  1.61353e-02
 1.65500e-01  1.02136e-01  6.29168e-01  1.64025e-02
 1.66500e-01  1.03338e-01  6.34724e-01  1.66734e-02
 1.67500e-01  1.04552e-01  6.40279e-01  1.69482e-02
 1.68500e-01  1.05777e-01  6.45835e-01  1.72268e-02
 1.69500e-01  1.07013e-01  6.51390e-01  1.75094e-02
 1.70500e-01  1.08261e-01  6.56946e-01  1.77959e-02
 1.71500e-01  1.09521e-01  6.62502e-01  1.80865e-02
 1.72500e-01  1.10792e-01  6.68057e-01  1.83811e-02
 1.73500e-01  1.12075e-01  6.73613e-01  1.86798e-02
 1.74500e-01  1.13370e-01  6.79168e-01  1.89826e-02
 1.75500e-01  1.14677e-01  6.84724e-01  1.92897e-02
 1.76500e-01  1.15996e-01  6.90279e-01  1.96010e-02
 1.77500e-01  1.17327e-01  6.95835e-01  1.99166e-02
 1.78500e-01  1.18670e-01  7.01390e-01  2.02365e-02
 1.79500e-01  1.20025e-01  7.06946e-01  2.05608e-02
 1.80500e-01  1.21393e-01  7.12502e-01  2.08896e-02
 1.81500e-01  1.22773e-01  7.18057e-01  2.12229e-02
 1.82500e-01  1.24166e-01  7.23613e-01  2.15607e-02
 1.83500e-01  1.25571e-01  7.29168e-01  2.19031e-02
 1.84500e-01  1.26989e-01  7.34724e-01  2.22502e-02
 1.85500e-01  1.28420e-01  7.40279e-01  2.26020e-02
 1.86500e-01  1.29864e-01  7.45835e-01  2.29585e-02
 1.87500e-01  1.31321e-01  7.51390e-01  2.33199e-02
 1.88500e-01  1.32790e-01  7.56946e-01  2.36861e-02
 1.89500e-01  1.34273e-01  7.62502e-01  2.40572e-02
 1.90500e-01  1.35769e-01  7.68057e-01  2.44333e-02
 1.91500e-01  1.37279e-01  7.73613e-01  2.48144e-02
 1.92500e-01  1.38801e-01  7.79168e-01  2.52006e-02
 1.93500e-01  1.40338e-01  7.84724e-01  2.55920e-02
 1.94500e-01  1.41888e-01  7.90279e-01  2.59885e-02
 1.95500e-01  1.43451e-01  7.95835e-01  2.63903e-02
 1.96500e-01  1.45028e-01  8.01390e-01  2.67975e-02
 1.97500e-01  1.46619e-01  8.06946e-01  2.72099e-02
 1.98500e-01  1.48224e-01  8.12502e-01  2.76279e-02
 1.99500e-01  1.49843e-01  8.18057e-01  2.80513e-02
 2.00500e-01  1.51477e-01  8.23613e-01  2.84802e-02
 2.01500e-01  1.53124e-01  8.29168e-01  2.89148e-02
 2.02500e-01  1.54786e-01  8.34724e-01  2.93550e-02
 2.03500e-01  1.56462e-01  8.40279e-01  2.98010e-02
 2.04500e-01  1.58152e-01  8.45835e-01  3.02528e-02
 2.05500e-01  1.59857e-01  8.51390e-01  3.07104e-02
 2.06500e-01  1.61577e-01  8.56946e-01  3.11740e-02
 2.07500e-01  1.63312e-01  8.62502e-01  3.16435e-02
 2.08500e-01  1.65061e-01  8.68057e-01  3.21191e-02
 2.09500e-01  1.66826e-01  8.73613e-01  3.26008e-02
 2.10500e-01  1.68605e-01  8.79168e-01  3.30886e-02
 2.11500e-01  1.70400e-01  8.84724e-01  3.35827e-02
 2.12500e-01  1.72210e-01  8.90279e-01  3.40832e-02
 2.13500e-01  1.74035e-01  8.95835e-01  3.45900e-02
 2.14500e-01  1.75875e-01  9.01390e-01  3.51032e-02
 2.15500e-01  1.77732e-01  9.06946e-01  3.56230e-02
 2.16500e-01  1.79603e-01  9.12502e-01  3.61493e-02
 2.17500e-01  1.81491e-01  9.18057e-01  3.66823e-02
 2.18500e-01  1.83394e-01  9.23613e-01  3.72221e-02
 2.19500e-01  1.85314e-01  9.29168e-01  3.77686e-02
 2.20500e-01  1.87249e-01  9.34724e-01  3.83220e-02
 2.21500e-01  1.89201e-01  9.40279e-01  3.88823e-02
 2.22500e-01  1.91168e-01  9.45835e-01  3.94496e-02
 2.23500e-01  1.93152e-01  9.51390e-01  4.00240e-02
 2.24500e-01  1.95153e-01  9.56946e-01  4.06055e-02
 2.25500e-01  1.97170e-01  9.62502e-01  4.11943e-02
 2.26500e-01  1.99204e-01  9.68057e-01  4.17904e-02
 2.27500e-01  2.01254e-01  9.73613e-01  4.23939e-02
 2.28500e-01  2.03322e-01  9.79168e-01  4.30048e-02
 2.29500e-01  2.05406e-01  9.84724e-01  4.36232e-02
 2.30500e-01  2.07507e-01  9.90279e-01  4.42493e-02
 2.31500e-01  2.09626e-01  9.95835e-01  4.48830e-02
 2.32500e-01  2.11761e-01  1.00139e+00  4.55245e-02
 2.33500e-01  2.13915e-01  1.00695e+00  4.61739e-02
 2.34500e-01  2.16085e-01  1.01250e+00  4.68312e-02
 2.35500e-01  2.18273e-01  1.01806e+00  4.74964e-02
 2.36500e-01  2.20479e-01  1.02361e+00  4.81698e-02
 2.37500e-01  2.22703e-01  1.02917e+00  4.88513e-02
 2.38500e-01  2.24944e-01  1.03472e+00  4.95411e-02
 2.39500e-01  2.27204e-01  1.04028e+00  5.02392e-02
 2.40500e-01  2.29482e-01  1.04583e+00  5.09457e-02
 2.41500e-01  2.31778e-01  1.05139e+00  5.16607e-02
 2.42500e-01  2.34092e-01  1.05695e+00  5.23843e-02
 2.43500e-01  2.36425e-01  1.06250e+00  5.31166e-02
 2.44500e-01  2.38776e-01  1.06806e+00  5.38576e-02
 2.45500e-01  2.41146e-01  1.07361e+00  5.46075e-02
 2.46500e-01  2.43535e-01  1.07917e+00  5.53663e-02
 2.47500e-01  2.45942e-01  1.08472e+00  5.61341e-02
 2.48500e-01  2.48369e-01  1.09028e+00  5.69111e-02
 2.49500e-01  2.50815e-01  1.09583e+00  5.76972e-02
 2.50500e-01  2.53280e-01  1.10139e+00  5.84926e-02
 2.51500e-01  2.55764e-01  1.10695e+00  5.92974e-02
 2.52500e-01  2.58268e-01  1.11250e+00  6.01117e-02
 2.53500e-01  2.60791e-01  1.11806e+00  6.09355e-02
 2.54500e-01  2.63334e-01  1.12361e+00  6.17690e-02
 2.55500e-01  2.65897e-01  1.12917e+00  6.26123e-02
 2.56500e-01  2.68480e-01  1.13472e+00  6.34654e-02
 2.57500e-01  2.71083e-01  1.14028e+00  6.43284e-02
 2.58500e-01  2.73706e-01  1.14583e+00  6.52015e-02
 2.59500e-01  2.76349e-01  1.15139e+00  6.60847e-02
 2.60500e-01  2.79013e-01  1.15695e+00  6.69782e-02
 2.61500e-01  2.81697e-01  1.16250e+00  6.78820e-02
 2.62500e-01  2.84401e-01  1.16806e+00  6.87962e-02
 2.63500e-01  2.87127e-01  1.17361e+00  6.97210e-02
 2.64500e-01  2.89873e-01  1.17917e+00  7.06564e-02
 2.65500e-01  2.92640e-01  1.18472e+00  7.16025e-02
 2.66500e-01  2.95429e-01  1.19028e+00  7.25595e-02
 2.67500e-01  2.98238e-01  1.19583e+00  7.35274e-02
 2.68500e-01  3.01069e-01  1.20139e+00  7.45063e-02
 2.69500e-01  3.03922e-01  1.20695e+00  7.54964e-02
 2.70500e-01  3.06796e-01  1.21250e+00  7.64978e-02
 2.71500e-01  3.09691e-01  1.21806e+00  7.75105e-02
 2.72500e-01  3.12609e-01  1.22361e+00  7.85347e-02
 2.73500e-01  3.15548e-01  1.22917e+00  7.95705e-02
 2.74500e-01  3.18510e-01  1.23472e+00  8.06179e-02
 2.75500e-01  3.21493e-01  1.24028e+00  8.16772e-02
 2.76500e-01  3.24499e-01  1.24583e+00  8.27484e-02
 2.77500e-01  3.27528e-01  1.25139e+00  8.38315e-02
 2.78500e-01  3.30579e-01  1.25695e+00  8.49269e-02
 2.79500e-01  3.33653e-01  1.26250e+00  8.60344e-02
 2.80500e-01  3.36749e-01  1.26806e+00  8.71543e-02
 2.81500e-01  3.39869e-01  1.27361e+00  8.82867e-02
 2.82500e-01  3.43011e-01  1.27917e+00  8.94317e-02
 2.83500e-01  3.46177e-01  1.28472e+00  9.05894e-02
 2.84500e-01  3.49366e-01  1.29028e+00  9.17599e-02
 2.85500e-01  3.52578e-01  1.29583e+00  9.29433e-02
 2.86500e-01  3.55815e-01  1.30139e+00  9.41398e-02
 2.87500e-01  3.59074e-01  1.30695e+00  9.53495e-02
 2.88500e-01  3.62358e-01  1.31250e+00  9.65725e-02
 2.89500e-01  3.65666e-01  1.31806e+00  9.78089e-02
 2.90500e-01  3.68998e-01  1.32361e+00  9.90588e-02
 2.91500e-01  3.72354e-01  1.32917e+00  1.00322e-01
 2.92500e-01  3.75734e-01  1.33472e+00  1.01600e-01
 2.93500e-01  3.79139e-01  1.34028e+00  1.02891e-01
 2.94500e-01  3.82569e-01  1.34583e+00  1.04196e-01
 2.95500e-01  3.86023e-01  1.35139e+00  1.05516e-01
 2.96500e-01  3.89502e-01  1.35695e+00  1.06850e-01
 2.97500e-01  3.93006e-01  1.36250e+00  1.08198e-01
 2.98500e-01  3.96536e-01  1.36806e+00  1.09561e-01
 2.99500e-01  4.00091e-01  1.37361e+00  1.10938e-01
 3.00500e-01  4.03671e-01  1.37917e+00  1.12331e-01
 3.01500e-01  4.07277e-01  1.38472e+00  1.13738e-01
 3.02500e-01  4.10908e-01  1.39028e+00  1.15160e-01
 3.03500e-01  4.14566e-01  1.39583e+00  1.16598e-01
 3.04500e-01  4.18249e-01  1.40139e+00  1.18051e-01
 3.05500e-01  4.21958e-01  1.40695e+00  1.19519e-01
 3.06500e-01  4.25694e-01  1.41250e+00  1.21003e-01
 3.07500e-01  4.29456e-01  1.41806e+00  1.22503e-01
 3.08500e-01  4.33245e-01  1.42361e+00  1.24019e-01
 3.09500e-01  4.37061e-01  1.42917e+00  1.25550e-01
 3.10500e-01  4.40903e-01  1.43472e+00  1.27098e-01
 3.11500e-01  4.44772e-01  1.44028e+00  1.28663e-01
 3.12500e-01  4.48669e-01  1.44583e+00  1.30243e-01
 3.13500e-01  4.52592e-01  1.45139e+00  1.31841e-01
 3.14500e-01  4.56543e-01  1.45695e+00  1.33455e-01
 3.15500e-01  4.60522e-01  1.46250e+00  1.35086e-01
 3.16500e-01  4.64528e-01  1.46806e+00  1.36734e-01
 3.17500e-01  4.68562e-01  1.47361e+00  1.38399e-01
 3.18500e-01  4.72624e-01  1.47917e+00  1.40082e-01
 3.19500e-01  4.76714e-01  1.48472e+00  1.41782e-01
 3.20500e-01  4.80833e-01  1.49028e+00  1.43500e-01
 3.21500e-01  4.84980e-01  1.49583e+00  1.45236e-01
 3.22500e-01  4.89155e-01  1.50139e+00  1.46989e-01
 3.23500e-01  4.93359e-01  1.50695e+00  1.48761e-01
 3.24500e-01  4.97592e-01  1.51250e+00  1.50551e-01
 3.25500e-01  5.01854e-01  1.51806e+00  1.52359e-01
 3.26500e-01  5.06146e-01  1.52361e+00  1.54186e-01
 3.27500e-01  5.10466e-01  1.52917e+00  1.56032e-01
 3.28500e-01  5.14816e-01  1.53472e+00  1.57897e-01
 3.29500e-01  5.19196e-01  1.54028e+00  1.59780e-01
 3.30500e-01  5.23605e-01  1.54583e+00  1.61683e-01
 3.31500e-01  5.28044e-01  1.55139e+00  1.63606e-01
 3.32500e-01  5.32513e-01  1.55695e+00  1.65547e-01
 3.33500e-01  5.37013e-01  1.56250e+00  1.67509e-01
 3.34500e-01  5.41543e-01  1.56806e+00  1.69491e-01
 3.35500e-01  5.46103e-01  1.57361e+00  1.71492e-01
 3.36500e-01  5.50694e-01  1.57917e+00  1.73514e-01
 3.37500e-01  5.55316e-01  1.58472e+00  1.75556e-01
 3.38500e-01  5.59969e-01  1.59028e+00  1.77619e-01
 3.39500e-01  5.64652e-01  1.59583e+00  1.79702e-01
 3.40500e-01  5.69368e-01  1.60139e+00  1.81807e-01
 3.41500e-01  5.74114e-01  1.60695e+00  1.83932e-01
 3.42500e-01  5.78893e-01  1.61250e+00  1.86079e-01
 3.43500e-01  5.83703e-01  1.61806e+00  1.88247e-01
 3.44500e-01  5.88545e-01  1.62361e+00  1.90437e-01
 3.45500e-01  5.93419e-01  1.62917e+00  1.92649e-01
 3.46500e-01  5.98325e-01  1.63472e+00  1.94882e-01
 3.47500e-01  6.03264e-01  1.64028e+00  1.97138e-01
 3.48500e-01  6.08235e-01  1.64583e+00  1.99416e-01
 3.49500e-01  6.13239e-01  1.65139e+00  2.01717e-01
 3.50500e-01  6.18276e-01  1.65695e+00  2.04040e-01
 3.51500e-01  6.23346e-01  1.66250e+00  2.06386e-01
 3.52500e-01  6.28449e-01  1.66806e+00  2.08756e-01
 3.53500e-01  6.33585e-01  1.67361e+00  2.11148e-01
 3.54500e-01  6.38755e-01  1.67917e+00  2.13564e-01
 3.55500e-01  6.43959e-01  1.68472e+00  2.16004e-01
 3.56500e-01  6.49197e-01  1.69028e+00  2.18467e-01
 3.57500e-01  6.54468e-01  1.69583e+00  2.20955e-01
 3.58500e-01  6.59774e-01  1.70139e+00  2.23467e-01
 3.59500e-01  6.65114e-01  1.70695e+00  2.26003e-01
 3.60500e-01  6.70489e-01  1.71250e+00  2.28564e-01
 3.61500e-01  6.75898e-01  1.71806e+00  2.31150e-01
 3.62500e-01  6.81342e-01  1.72361e+00  2.33761e-01
 3.63500e-01  6.86821e-01  1.72917e+00  2.36397e-01
 3.64500e-01  6.92336e-01  1.73472e+00  2.39058e-01
 3.65500e-01  6.97886e-01  1.74028e+00  2.41745e-01
 3.66500e-01  7.03471e-01  1.74583e+00  2.44458e-01
 3.67500e-01  7.09092e-01  1.75139e+00  2.47197e-01
 3.68500e-01  7.14749e-01  1.75695e+00  2.49962e-01
 3.69500e-01  7.20442e-01  1.76250e+00  2.52754e-01
 3.70500e-01  7.26171e-01  1.76806e+00  2.55573e-01
 3.71500e-01  7.31936e-01  1.77361e+00  2.58418e-01
 3.72500e-01  7.37739e-01  1.77917e+00  2.61290e-01
 3.73500e-01  7.43577e-01  1.78472e+00  2.64190e-01
 3.74500e-01  7.49453e-01  1.79028e+00  2.67117e-01
 3.75500e-01  7.55366e-01  1.79583e+00  2.70072e-01
 3.76500e-01  7.61316e-01  1.80139e+00  2.73056e-01
 3.77500e-01  7.67304e-01  1.80695e+00  2.76067e-01
 3.78500e-01  7.73329e-01  1.81250e+00  2.79106e-01
 3.79500e-01  7.79392e-01  1.81806e+00  2.82175e-01
 3.80500e-01  7.85493e-01  1.82361e+00  2.85272e-01
 3.81500e-01  7.91632e-01  1.82917e+00  2.88398e-01
 3.82500e-01  7.97809e-01  1.83472e+00  2.91554e-01
 3.83500e-01  8.04025e-01  1.84028e+00  2.94739e-01
 3.84500e-01  8.10279e-01  1.84583e+00  2.97954e-01
 3.85500e-01  8.16573e-01  1.85139e+00  3.01199e-01
 3.86500e-01  8.22905e-01  1.85695e+00  3.04474e-01
 3.87500e-01  8.29277e-01  1.86250e+00  3.07779e-01
 3.88500e-01  8.35688e-01  1.86806e+00  3.11116e-01
 3.89500e-01  8.42139e-01  1.87361e+00  3.14483e-01
 3.90500e-01  8.48629e-01  1.87917e+00  3.17881e-01
 3.91500e-01  8.55160e-01  1.88472e+00  3.21311e-01
 3.92500e-01  8.61730e-01  1.89028e+00  3.24773e-01
 3.93500e-01  8.68341e-01  1.89583e+00  3.28266e-01
 3.94500e-01  8.74992e-01  1.90139e+00  3.31792e-01
 3.95500e-01  8.81684e-01  1.90695e+00  3.35350e-01
 3.96500e-01  8.88417e-01  1.91250e+00  3.38941e-01
 3.97500e-01  8.95191e-01  1.91806e+00  3.42564e-01
 3.98500e-01  9.02007e-01  1.92361e+00  3.46221e-01
 3.99500e-01  9.08864e-01  1.92917e+00  3.49911e-01
 4.00500e-01  9.15762e-01  1.93472e+00  3.53635e-01
 4.01500e-01  9.22702e-01  1.94028e+00  3.57393e-01
 4.02500e-01  9.29684e-01  1.94583e+00  3.61185e-01
 4.03500e-01  9.36709e-01  1.95139e+00  3.65011e-01
 4.04500e-01  9.43776e-01  1.95695e+00  3.68872e-01
 4.05500e-01  9.50885e-01  1.96250e+00  3.72768e-01
 4.06500e-01  9.58037e-01  1.96806e+00  3.76700e-01
 4.07500e-01  9.65232e-01  1.97361e+00  3.80666e-01
 4.08500e-01  9.72471e-01  1.97917e+00  3.84669e-01
 4.09500e-01  9.79752e-01  1.98472e+00  3.88707e-01
 4.10500e-01  9.87078e-01  1.99028e+00  3.92782e-01
 4.11500e-01  9.94447e-01  1.99583e+00  3.96893e-01
 4.12500e-01  1.00000e+00  2.00000e+00  4.00000e-01
 4.13500e-01  1.00000e+00  2.00000e+00  4.00000e-01
 4.14500e-01  1.00000e+00  2.00000e+00  4.00000e-01
 4.15500e-01  1.00000e+00  2.00000e+00  4.00000e-01
 4.16500e-01  1.00000e+00  2.00000e+00  4.00000e-01
 4.17500e-01  1.00000e+00  2.00000e+00  4.00000e-01
 4.18500e-01  1.00000e+00  2.00000e+00  4.00000e-01
 4.19500e-01  1.00000e+00  2.00000e+00  4.00000e-01
 4.20500e-01  1.00000e+00  2.00000e+00  4.00000e-01
 4.21500e-01  1.00000e+00  2.00000e+00  4.00000e-01
 4.22500e-01  1.00000e+00  2.00000e+00  4.00000e-01
 4.23500e-01  1.00000e+00  2.00000e+00  4.00000e-01
 4.24500e-01  1.00000e+00  2.00000e+00  4.00000e-01
 4.25500e-01  1.00000e+00  2.00000e+00  4.00000e-01
 4.26500e-01  1.00000e+00  2.00000e+00  4.00000e-01
 4.27500e-01  1.00000e+00  2.00000e+00  4.00000e-01
 4.28500e-01  1.00000e+00  2.00000e+00  4.00000e-01
 4.29500e-01  1.00000e+00  2.00000e+00  4.00000e-01
 4.30500e-01  1.00000e+00  2.00000e+00  4.00000e-01
 4.31500e-01  1.00000e+00  2.00000e+00  4.00000e-01
 4.32500e-01  1.00000e+00  2.00000e+00  4.00000e-01
 4.33500e-01  1.00000e+00  2.00000e+00  4.00000e-01
 4.34500e-01  1.00000e+00  2.00000e+00  4.00000e-01
 4.35500e-01  1.00000e+00  2.00000e+00  4.00000e-01
 4.36500e-01  1.00000e+00  2.00000e+00  4.00000e-01
 4.37500e-01  1.00000e+00  2.00000e+00  4.00000e-01
 4.38500e-01  1.00000e+00  2.00000e+00  4.00000e-01
 4.39500e-01  1.00000e+00  2.00000e+00  4.00000e-01
 4.40500e-01  1.00000e+00  2.00000e+00  4.00000e-01
 4.41500e-01  1.00000e+00  2.00000e+00  4.00000e-01
 4.42500e-01  1.00000e+00  2.00000e+00  4.00000e-01
 4.43500e-01  1.00000e+00  2.00000e+00  4.00000e-01
 4.44500e-01  1.00000e+00  2.00000e+00  4.00000e-01
 4.45500e-01  1.00000e+00  2.00000e+00  4.00000e-01
 4.46500e-01  1.00000e+00  2.00000e+00  4.00000e-01
 4.47500e-01  1.00000e+00  2.00000e+00  4.00000e-01
 4.48500e-01  1.00000e+00  2.00000e+00  4.00000e-01
 4.49500e-01  1.00000e+00  2.00000e+00  4.00000e-01
 4.50500e-01  1.00000e+00  2.00000e+00  4.00000e-01
 4.51500e-01  1.00000e+00  2.00000e+00  4.00000e-01
 4.52500e-01  1.00000e+00  2.00000e+00  4.00000e-01
 4.53500e-01  1.00000e+00  2.00000e+00  4.00000e-01
 4.54500e-01  1.00000e+00  2.00000e+00  4.00000e-01
 4.55500e-01  1.00000e+00  2.00000e+00  4.00000e-01
 4.56500e-01  1.00000e+00  2.00000e+00  4.00000e-01
 4.57500e-01  1.00000e+00  2.00000e+00  4.00000e-01
 4.58500e-01  1.00000e+00  2.00000e+00  4.00000e-01
 4.59500e-01  1.00000e+00  2.00000e+00  4.00000e-01
 4.60500e-01  1.00000e+00  2.00000e+00  4.00000e-01
 4.61500e-01  1.00000e+00  2.00000e+00  4.00000e-01
 4.62500e-01  1.00000e+00  2.00000e+00  4.00000e-01
 4.63500e-01  1.00000e+00  2.00000e+00  4.00000e-01
 4.64500e-01  1.00000e+00  2.00000e+00  4.00000e-01
 4.65500e-01  1.00000e+00  2.00000e+00  4.00000e-01
 4.66500e-01  1.00000e+00  2.00000e+00  4.00000e-01
 4.67500e-01  1.00000e+00  2.00000e+00  4.00000e-01
 4.68500e-01  1.00000e+00  2.00000e+00  4.00000e-01
 4.69500e-01  1.00000e+00  2.00000e+00  4.00000e-01
 4.70500e-01  1.00000e+00  2.00000e+00  4.00000e-01
 4.71500e-01  1.00000e+00  2.00000e+00  4.00000e-01
 4.72500e-01  1.00000e+00  2.00000e+00  4.00000e-01
 4.73500e-01  1.00000e+00  2.00000e+00  4.00000e-01
 4.74500e-01  1.00000e+00  2.00000e+00  4.00000e-01
 4.75500e-01  1.00000e+00  2.00000e+00  4.00000e-01
 4.76500e-01  1.00000e+00  2.00000e+00  4.00000e-01
 4.77500e-01  1.00000e+00  2.00000e+00  4.00000e-01
 4.78500e-01  1.00000e+00  2.00000e+00  4.00000e-01
 4.79500e-01  1.00000e+00  2.00000e+00  4.00000e-01
 4.80500e-01  1.00000e+00  2.00000e+00  4.00000e-01
 4.81500e-01  1.00000e+00  2.00000e+00  4.00000e-01
 4.82500e-01  1.00000e+00  2.00000e+00  4.00000e-01
 4.83500e-01  1.00000e+00  2.00000e+00  4.00000e-01
 4.84500e-01  1.00000e+00  2.00000e+00  4.00000e-01
 4.85500e-01  1.00000e+00  2.00000e+00  4.00000e-01
 4.86500e-01  1.00000e+00  2.00000e+00  4.00000e-01
 4.87500e-01  1.00000e+00  2.00000e+00  4.00000e-01
 4.88500e-01  1.00000e+00  2.00000e+00  4.00000e-01
 4.89500e-01  1.00000e+00  2.00000e+00  4.00000e-01
 4.90500e-01  1.00000e+00  2.00000e+00  4.00000e-01
 4.91500e-01  1.00000e+00  2.00000e+00  4.00000e-01
 4.92500e-01  1.00000e+00  2.00000e+00  4.00000e-01
 4.93500e-01  1.00000e+00  2.00000e+00  4.00000e-01
 4.94500e-01  1.00000e+00  2.00000e+00  4.00000e-01
 4.95500e-01  1.00000e+00  2.00000e+00  4.00000e-01
 4.96500e-01  1.00000e+00  2.00000e+00  4.00000e-01
 4.97500e-01  1.00000e+00  2.00000e+00  4.00000e-01
 4.98500e-01  1.00000e+00  2.00000e+00  4.00000e-01
 4.99500e-01  1.00000e+00  2.00000e+00  4.00000e-01
